3.141592653589793
0.0
2.9961620902902464
0.0
3.0688599300196837
1.1368683772161603e-13
34.15
0.0
0.0
0.0
0.0
0.0
0.0
0.0
0.0
0.0
0.0
0.0
2.8049880210578837
0.0
2.783011363924286
0.0
0.0
0.0
0.0
0.0
0.0
0.0
0.0
0.0
0.0
0.0
2.9141527991294165
0.0
2.897415076183124
0.0
0.0
0.0
0.0
0.0
0.0
0.0
2.532238933483961
5.684341886080802e-14
2.303107222589009
0.0
457.0815112248966
32.17
262.0
0.0
0.0
0.0
0.0
0.0
0.0
0.0
0.0
0.0
0.0
0.0
2.0612042359658838
0.0
2.8896057624829985
0.0
0.9
0.9
0.26
0.26
0.6
0.27
0.27
0.27
0.14
0.14
0.14
0.31
0.13
0.13
0.13
0.13
0.09
0.09
0.09
0.09
0.2
0.2
0.2
1.9
1.9
1.9
1.9
1.9
1.9
0.57
1.38
0.9
0.9
1.38
0.9
41.08
126.98
160.0
0.0
20.0
943.5
140.0
0.0
0.0
0.0
0.0
0.0
0.0
0.0
0.0
0.0
0.0
0.0
0.0
0.0
0.0
0.0
0.0
0.0
0.0
0.0
0.0
0.0
0.0
0.0
0.0
0.0
0.0
0.0
0.0
0.0
0.0
0.0
0.0
0.0
0.0
0.0
0.0
0.0
0.0
0.0
0.0
0.0
0.0
2.829886970796983
0.0
2.99831831363995
7.105427357601002e-15
2.8791097028417467
0.0
28.053794083125002
0.0
2.8451448294189756
1.7053025658242404e-13
2.8683761108971186
0.0
2.6715207693780743
7.389644451905042e-13
244.53
0.0
0.0
20.0
41.398156598750006
0.0
0.0
0.0
0.0
0.0
2.7667899355641636
0.0
62.6
45.53319641625001
0.0
0.0
2.826702718499977
3.240074875066057e-12
2.9265260032921154
7.105427357601002e-15
2.903930352735997
1.4210854715202004e-14
2.7936856990381806
0.0
2.514069758153115
1.3073986337985843e-12
62.6
4.6
30.4
0.5080329888125
2.0669471256875003
2.383580310875
0.21567898431250043
0.03346410325
0.0
0.0
0.0
0.0
0.0
0.0
0.0
0.0
2.397103316402565
1.4210854715202004e-14
84.92
0.0
302.54
0.0
0.0
0.0
56.96
0.0
0.0
0.0
0.0
0.0
0.0
0.0
2.2249355212756647
0.0
141.75
677.8
0.0
0.0
0.0
0.0
0.0
0.0
0.0
0.0
0.0
0.0
0.0
0.0
2.0735358774982204
0.0
0.7662386811874999
0.8329040208124999
0.9028990480625001
1.0256043260624998
0.7456959904999999
0.8677830670625001
0.0
0.0
0.0
0.0
0.0
0.0
3.006253771630907
0.0
3.1088914735755853
0.0
3.1223946578266837
0.0
2.437501511839733
5.684341886080802e-14
13.15672301125
1.562813153875
0.0
2.220446049250313e-16
3.0777344022934128
1.4210854715202004e-14
0.8
121.3252442375
0.0
0.0
2.951950860793395
0.0
2.636737826247877
0.0
0.6
0.6
0.6
2.25
0.0
0.1
0.4
0.48
0.24
0.49
0.05
0.05
0.0
0.0
0.0
0.0
0.0
0.0
0.0
0.0
0.0
0.0
0.0
0.0
0.0
0.0
2.3764940880239855
0.0
2.3797494604491516
0.0
21.45299911
0.0
2.16
0.0
0.0
0.0
2.3798994973480516
0.0
2.359026519306724
2.0179413695586845e-12
2.2388367878228674
0.0
2.3103558771052093
0.0
0.0
0.0
2.263819323664417
1.1368683772161603e-13
2.233447435142748
0.0
0.0
7.43
0.0
0.0
2.091896506330799
0.0
2.250065129757793
0.0
2.014775495118031
0.0
1.911833614242076
0.0
0.0
7.43
0.0
0.0
1.81844851109678
0.0
1.748708925671033
0.0
1.7453479676429489
0.0
65.9
42.69
0.0
82.0
0.0
0.0
0.0
0.0
1.7142179353850406
0.0
1.7269521335970215
0.0
1.7449419024692028
3.552713678800501e-15
1.7550099189950654
0.0
1.7492105649639589
0.0
0.0
0.0
71.67428978937501
0.0
0.0
0.0
1.712661793309984
0.0
0.0
0.0
22.0
5.93713583775
0.0
0.0
0.0
0.0
1.7098804577295104
0.0
75.0
75.0
0.0
0.0
0.0
0.0
1.7076744366216596
5.510258915819577e-12
1.7234850126616788
0.0
1.7347195906903239
1.7763568394002505e-15
97.98
97.98
46.7
0.0
0.0
0.0
1.6370897511365394
1.0231815394945443e-12
1.575037863239277
0.0
97.98
97.98
27.07
0.0
0.0
0.0
1.5601950027415432
4.263256414560601e-13
0.0
97.98
0.0
0.0
1.5624630241244617
0.0
1.5962872904840484
0.0
1.575146119162571
0.0
636.0
6.91
0.0
0.0
0.0
0.0
0.0
0.0
1.5600708503159402
2.092548356813495e-12
446.4
77.0
0.0
0.0
1.5387192447315425
0.0
1.5672238981309004
0.0
1.554038105612497
0.0
74.05
74.05
87.71
87.71
25.134959639375
0.0
0.0
0.0
0.0
0.0
1.6410063476359378
0.0
25.6
0.0
2.1194869674206918
0.0
2.14343685901326
0.0
0.0
0.0
2.2648729290309397
8.526512829121202e-14
2.14343685901326
0.0
100.0
0.0
2.0997195431399005
0.0
1.9725443194193801
3.410605131648481e-13
77.0
60.8
5.943074468875
0.0
0.0
0.0
1.7557490219942073
0.0
60.8
41.55
0.0
0.0
0.0
0.0
0.0
0.0
1.5135740794758126
0.0
1.517279834734172
0.0
1.504678577114723
0.0
140.0
27.07
80.67
80.67
0.0
0.0
0.0
0.0
1.4367930021131985
0.0
1.5126333662645748
0.0
27.855033055625007
11.0721481195
46.33367599312499
0.0
0.0
0.0
1.2700020086768389
1.7053025658242404e-13
1.0783575330945454
0.0
0.7482435262444561
0.0
0.0
0.0
0.0
0.0
0.0
0.0
0.0
0.0
0.5608434226330827
4.263256414560601e-14
-0.7551791172174139
0.0
688.3
462.33333468979015
0.0
0.0
-3.141592653589793
0.0
0.7706366028366823
0.0
186.5
514.8221805617352
0.0
0.0
0.7857529921478414
0.0
0.0
0.0
0.0
0.0
0.0
0.0
0.0
0.0
0.9844095567524851
0.0
0.0
0.0
0.0
0.0
0.0
0.0
0.9887513832290032
0.0
0.0
0.0
0.0
0.0
154.04508303125
0.0
0.0
0.0
0.0
0.0
0.9953576072470959
0.0
1.1373750050205684
0.0
1.2262113879158762
3.979039320256561e-13
1.311632074586029
7.105427357601002e-15
1.3310118676925349
7.105427357601002e-14
1.3903048648247316
0.0
1.347785481347834
0.0
110.0
41.55
41.55
7.43
0.0
0.0
0.0
0.0
1.1001906194931552
7.105427357601002e-15
0.0
0.0
0.0
0.0
0.0
0.0
0.0
0.0
51.76887368187501
42.146964726250005
0.0
0.0
0.0
0.0
0.0
0.0
0.0
0.0
0.0
0.0
1.1303779478127247
0.0
1.1379563490916447
0.0
1.049998360152947
0.0
0.36
0.36
0.48
0.48
0.48
0.48
0.28
0.19
0.19
0.19
0.56
0.56
3.75
0.69
0.69
0.36
0.9
0.9
0.32
0.27
0.18
0.9
0.5599999999999999
0.0
0.0
0.0
0.0
0.0
0.0
0.0
0.0
0.0
0.0
0.0
0.0
0.0
0.0
0.0
0.0
0.0
0.0
0.0
0.0
0.0
0.0
0.0
0.0
0.0
1.0799258668197553
0.0
112.78460415625
0.0
0.986835286838356
0.0
0.0
188.431916975
0.0
0.0
0.9254591879528209
5.684341886080802e-14
0.9206332234144349
0.0
0.0
0.0
640.1
0.0
0.0
0.0
0.0
0.0
0.0
0.0
0.0
0.0
0.0
0.0
0.0
0.0
0.0
0.0
0.43449465960596517
0.0
0.988019848475271
0.0
1.0114358673272552
0.0
170.37433911875
0.0
1.0499657694093099
0.0
0.0
0.0
0.0
0.0
0.0
0.0
0.0
0.0
0.0
0.0
0.0
0.0
0.0
0.0
0.0
0.0
0.0
0.0
1.0499657694093099
0.0
0.0
0.0
0.0
0.0
0.0
1.35
4.65
0.0
35.51822984875
0.0
0.0
0.0
0.0
0.0
0.0
0.0
0.0
0.0
1.0848770033752624
0.0
619.0
0.0
2.5454726730632276
0.0
3.0349800393079893
0.0
3.043917788501508
0.0
40.71
27.07
0.0
0.0
1.5512930156119755
0.0
3.0039783743397788
0.0
1.8804828271020562
0.0
-145.5761394388403
-171.5394423795891
-275.3967059171865
-264.6745982290686
242.8545096585584
-80.46982186231413
-751.2515112248966
939.2225859037942
-751.2515112248966
122.99090322630838
156.2967720989791
-304.6877126642521
-269.92714197189565
-149.35809951418787
-198.61207469292629
148.71758023255012
69.62196894584817
-62.67327505220606
-17.417883805852625
46.15004806683757
-397.3090618002225
-109.30335454512917
188.65181424874555
121.52694307928996
85.31904683080239
-46.80738811947322
-26.614429405313963
-113.65428215701473
-175.8590823148375
-237.7366702009209
-361.41779609681265
396.3341459960204
479.3363498992078
120.04409581351868
14.319389448884962
603.1424164227828
-187.97107467889754
423.21585400397953
259.8935591207885
-134.92524329159914
379.775457607047
-127.69902685376879
-71.92438520122232
-167.52974531432136
-182.27070059975455
1.470949989248659
-41.696058644805795
-195.57134291278422
12.706751210626578
-185.82519907892492
320.50595066367913
-45.91570018937314
-56.67094978346063
-367.89763709770085
-76.91992304340197
-62.36527416120236
-93.94689471237507
-104.85253985493597
-95.88004671307257
-75.21056410579591
-114.25291990689935
-68.86807016206993
-54.913059390132275
-38.67753621891909
-55.185584457588185
-116.92835013052232
-116.92835013052232
-106.2449886323898
-61.643628239645636
16.933774217517133
22.42625334612597
17.12247708370485
-3.5470055235718103
-29.958009550700858
-0.5384574653464824
-0.5347567268487572
-3.933996577752488
-52.22363025180675
-14.609411309625976
16.36705593618925
-2.587403683034585
27.997053891285255
-14.217401638130593
-32.957715732385054
-28.121388639349448
-29.533341204268925
-33.730633271414014
-42.794405445531794
-51.26316559922725
-109.947114791981
-22.41504298169011
6.0319717628881335
105.70585660738621
-105.70585660738621
-55.78774784590405
-688.40358776138
-49.918108761482166
-190.96701923963747
-190.96701923963747
-10.891641922638541
4.069123082422109
-57.70704212634155
28.083402364559326
-37.70465439651851
-38.76982650610285
-22.596169057732368
235.04930279191103
376.75639352979533
-67.46448333943086
67.46448334855266
-67.46448334855253
67.46448334855245
0.0
-14.941363779590347
-104.21464397902264
271.752435872306
-313.2394672674895
-163.63171792372492
-126.17056253465125
-229.59991994894665
29.885123051166783
-51.644498443670265
-158.3114997088146
-73.12483558490453
-96.42837355085375
-204.97395718842955
-204.97395718842955
-285.54756259236524
-522.9044353386917
-250.08636883382806
-349.6716962703333
-292.3558557750081
-1069.9370242933046
-1150.63333468979
205.67958844271726
130.00553151571143
21.230883863648103
105.6683854246205
199.25432757126612
5.193572341184669
415.05864380240564
132.57723914280248
5.193572341184669
167.47334642830222
146.10998776388192
121.36117885610585
196.82185864959212
-58.12150243416704
115.11294154940924
120.59894103482361
-49.77316628204921
-82.41437107673353
-163.3992148627915
45.76960696499185
-165.23006914006032
35.42923785662115
66.99773688292338
-121.45672265029229
37.13078513720854
6.005072328466369
97.74732185411729
-78.53391869903547
-96.09920190338289
-70.36404949273631
-58.76930554259036
-95.05641776664368
-91.59158270511972
-162.37063200284035
-8.82260427541405
-268.28662749638204
88.99098227066303
-265.6494884045211
81.3056210086303
-16.525150252668382
50.56417596049938
0.0
54.548803071800926
-418.7644395574079
-200.2355604425921
135.66859233542445
50.82863274190295
85.9398960880914
-67.78
124.35100253305552
-191.39603392355923
229.2900829041654
3.141592653589793
0.0
2.9962412412039465
0.0
3.068872597451824
0.0
34.15
0.0
0.0
0.0
0.0
0.0
0.0
0.0
0.0
0.0
0.0
0.0
2.805032338963803
0.0
2.783050793934633
0.0
0.0
0.0
0.0
0.0
0.0
0.0
0.0
0.0
0.0
0.0
2.9142121319835574
1.4210854715202004e-14
2.897505213723155
0.0
0.0
0.0
0.0
0.0
0.0
0.0
2.532223084565907
5.684341886080802e-14
2.3027771565955626
0.0
458.1117311443439
32.17
262.0
0.0
0.0
0.0
0.0
0.0
0.0
0.0
0.0
0.0
0.0
0.0
2.0605424391583633
0.0
2.8897363816273653
0.0
0.9
0.9
0.26
0.26
0.6
0.27
0.27
0.27
0.14
0.14
0.14
0.31
0.13
0.13
0.13
0.13
0.09
0.09
0.09
0.09
0.2
0.2
0.2
1.9
1.9
1.9
1.9
1.9
1.9
0.57
1.38
0.9
0.9
1.38
0.9
41.08
126.98
160.0
0.0
20.0
943.5
140.0
0.0
0.0
0.0
0.0
0.0
0.0
0.0
0.0
0.0
0.0
0.0
0.0
0.0
0.0
0.0
0.0
0.0
0.0
0.0
0.0
0.0
0.0
0.0
0.0
0.0
0.0
0.0
0.0
0.0
0.0
0.0
0.0
0.0
0.0
0.0
0.0
0.0
0.0
0.0
0.0
0.0
0.0
2.8300412823994234
0.0
2.9986594756316167
0.0
2.879532799434432
7.105427357601002e-15
27.5648472375
0.0
2.846367666934294
0.0
2.8687667091472626
0.0
2.672517948597637
2.7142732506035827e-12
244.53
0.0
0.0
20.0
39.226655583125
0.0
0.0
0.0
0.0
0.0
2.7687051267399254
1.4210854715202004e-14
62.6
43.119988486875
0.0
0.0
2.8285068349679086
0.0
2.927924371322133
0.0
2.9050669894116963
1.4210854715202004e-14
2.7945523506041474
0.0
2.5145278860844678
1.0196288258157438e-11
62.6
4.6
30.4
0.5177555290625
2.2079330551875005
2.338841150625
0.21229608112500004
0.040180005
0.0
0.0
0.0
0.0
0.0
0.0
0.0
0.0
2.3973542886969144
0.0
84.92
0.0
302.54
0.0
0.0
0.0
56.96
0.0
0.0
0.0
0.0
0.0
0.0
0.0
2.2253616176566338
0.0
141.75
677.8
0.0
0.0
0.0
0.0
0.0
0.0
0.0
0.0
0.0
0.0
0.0
0.0
2.0739536507079137
0.0
0.8314125159374999
0.8523955434374998
1.0292106116875002
1.1423686521875
0.8682639478749998
0.9299373018124999
0.0
0.0
0.0
0.0
0.0
0.0
3.0066501188305295
6.252776074688882e-13
3.1093090998554627
0.0
3.122870055349025
0.0
2.4379005470198583
5.684341886080802e-14
13.309258383749999
1.7167814933750003
0.0
0.0
3.0782470744083543
0.0
0.8
120.2355033125
0.0
0.0
2.9526616430289687
0.0
2.6373579692729114
0.0
0.6
0.6
0.6
2.25
0.0
0.1
0.4
0.48
0.24
0.49
0.05
0.05
0.0
0.0
0.0
0.0
0.0
0.0
0.0
0.0
0.0
0.0
0.0
0.0
0.0
0.0
2.3765195036069158
0.0
2.3797401061229264
0.0
21.45299911
0.0
2.16
0.0
0.0
0.0
2.379894451326681
0.0
2.3590339572031316
1.9042545318370685e-12
2.238836107431502
0.0
2.310050064146075
0.0
0.0
0.0
2.2633701730785782
7.105427357601002e-15
2.2328706921337345
0.0
0.0
7.43
0.0
0.0
2.0910744739454175
0.0
2.249621073092406
0.0
2.0137419478785836
0.0
1.9106149191796191
0.0
0.0
7.43
0.0
0.0
1.8171772505835313
0.0
1.7475003514823724
0.0
1.7440250040579517
0.0
65.9
42.69
0.0
82.0
0.0
0.0
0.0
0.0
1.7129030769434557
0.0
1.7254309551380331
0.0
1.7431619725175211
3.552713678800501e-15
1.7531528723461585
0.0
1.7472029584806705
0.0
0.0
0.0
72.270149476875
0.0
0.0
0.0
1.7106027409752107
2.7853275241795927e-12
0.0
0.0
22.0
6.3629311958125
0.0
0.0
0.0
0.0
1.7077885690339907
0.0
75.0
75.0
0.0
0.0
0.0
0.0
1.7056308180109274
4.831690603168681e-13
1.7216456288232902
1.7763568394002505e-15
1.732816408043304
0.0
97.98
97.98
46.7
0.0
0.0
0.0
1.6354217149879815
1.4210854715202004e-13
1.573669276377453
0.0
97.98
97.98
27.07
0.0
0.0
0.0
1.5588687992351236
0.0
0.0
97.98
0.0
0.0
1.5611291345580303
9.805489753489383e-13
1.5949436813492153
0.0
1.5739706069260322
0.0
636.0
6.91
0.0
0.0
0.0
0.0
0.0
0.0
1.5593189732149073
0.0
446.4
77.0
0.0
0.0
1.537643707006416
0.0
1.5659953203702126
0.0
1.5535287342721285
0.0
74.05
74.05
87.71
87.71
24.45416346
0.0
0.0
0.0
0.0
0.0
1.6406122945921857
0.0
25.6
0.0
2.1190965228660814
0.0
2.143101749326551
0.0
0.0
0.0
2.2648183905053543
1.7053025658242404e-13
2.143101749326551
0.0
100.0
0.0
2.0992011176430676
0.0
1.9720422566383344
0.0
77.0
60.8
6.3692957295
0.0
0.0
0.0
1.7550448037528736
0.0
60.8
41.55
0.0
0.0
0.0
0.0
0.0
0.0
1.513476935613726
0.0
1.517190879138947
0.0
1.5046433321137764
0.0
140.0
27.07
80.67
80.67
0.0
0.0
0.0
0.0
1.4369723130139629
0.0
1.512367200890482
0.0
28.483477191874996
11.67615368375
46.476330253125
0.0
0.0
0.0
1.2700240879045357
1.5631940186722204e-12
1.078379824968772
0.0
0.748299386653139
0.0
0.0
0.0
0.0
0.0
0.0
0.0
0.0
0.0
0.5609426787810115
0.0
-0.7551791172174142
0.0
688.3
462.33333468979004
0.0
0.0
-3.141592653589793
0.0
0.7708463179841419
0.0
186.5
524.0277412451373
0.0
0.0
0.7861711390710991
0.0
0.0
0.0
0.0
0.0
0.0
0.0
0.0
0.0
0.9854650831284828
0.0
0.0
0.0
0.0
0.0
0.0
0.0
0.9908753653917558
0.0
0.0
0.0
0.0
0.0
141.1864815475
0.0
0.0
0.0
0.0
0.0
0.9991072781191745
0.0
1.1402847774091676
0.0
1.228429907594834
0.0
1.3132435386430241
7.105427357601002e-15
1.3319464993511525
2.984279490192421e-13
1.3908572160861092
0.0
1.3489177465363806
0.0
110.0
41.55
41.55
7.43
0.0
0.0
0.0
0.0
1.1022804115036764
0.0
0.0
0.0
0.0
0.0
0.0
0.0
0.0
0.0
51.761136276875
42.815626486250004
0.0
0.0
0.0
0.0
0.0
0.0
0.0
0.0
0.0
0.0
1.1332217306690588
0.0
1.1411233375029863
0.0
1.053546870462233
0.0
0.36
0.36
0.48
0.48
0.48
0.48
0.28
0.19
0.19
0.19
0.56
0.56
3.75
0.69
0.69
0.36
0.9
0.9
0.32
0.27
0.18
0.9
0.5599999999999999
0.0
0.0
0.0
0.0
0.0
0.0
0.0
0.0
0.0
0.0
0.0
0.0
0.0
0.0
0.0
0.0
0.0
0.0
0.0
0.0
0.0
0.0
0.0
0.0
0.0
1.0836553645340017
0.0
112.8291672125
0.0
0.9912734593726181
0.0
0.0
184.97529305
0.0
0.0
0.9304339480293586
8.526512829121202e-14
0.9251553248382299
0.0
0.0
0.0
640.1
0.0
0.0
0.0
0.0
0.0
0.0
0.0
0.0
0.0
0.0
0.0
0.0
0.0
0.0
0.0
0.43914595070933865
0.0
0.9928910189775565
0.0
1.0162668133724557
0.0
170.221909725
0.0
1.0547137131522015
0.0
0.0
0.0
0.0
0.0
0.0
0.0
0.0
0.0
0.0
0.0
0.0
0.0
0.0
0.0
0.0
0.0
0.0
0.0
1.0547137131522015
0.0
0.0
0.0
0.0
0.0
0.0
1.35
4.65
0.0
34.971909038750006
0.0
0.0
0.0
0.0
0.0
0.0
0.0
0.0
0.0
1.0899131097298982
0.0
619.0
0.0
2.5464328700896632
0.0
3.0355380268016092
0.0
3.0444515902695484
0.0
40.71
27.07
0.0
0.0
1.550783644271607
0.0
3.0040727883965044
0.0
1.8798676159441208
0.0
-145.49690929499627
-171.50956636039194
-275.45795774139924
-264.6498180640624
242.891366776699
-80.32172241092773
-752.2817311443439
939.4296230888121
-752.2817311443439
123.11634107287901
156.43048050664765
-304.56683277612865
-269.8051278668256
-149.26957190774965
-198.4233274505185
149.00560054347494
70.00214573544451
-62.31252401959976
-17.00776025580084
46.433365390131826
-397.82544233960834
-108.96655223004296
190.4696597067466
121.30163941228348
84.97225329412385
-45.33206082857032
-26.92271133042823
-113.93261732167358
-176.11601541836444
-238.15771824356906
-361.4578355347927
396.3559344025004
479.31809886770776
120.06898362667643
14.380652696463002
604.6840247720711
-187.1478919444682
423.19406559749956
259.5835737691507
-134.8126312293731
379.9945853643849
-127.49789982782427
-71.50791495501062
-168.01422641583554
-182.9908224155532
1.5131882721839105
-41.6622714765247
-196.00282539772522
12.593088507997606
-186.0164510631621
320.52759943107844
-46.21121986440835
-56.942728641923296
-368.63785111903974
-77.15684474043609
-62.62727092332451
-94.15065525856153
-105.03423568927258
-96.12026292091511
-75.48984563363751
-114.45841138629771
-68.90683524377219
-54.86370007943333
-38.704892341536784
-55.35563926226754
-117.0809278568911
-117.0809278568911
-106.29668937385618
-61.627578450709365
16.65941249225581
22.086785090580793
16.99132623809143
-3.6390910491861597
-30.000178281423917
-0.7959640027478372
-0.7904934599151235
-3.9804412181295152
-52.06202057596238
-14.289741873961413
16.578479095889605
-2.824870384074286
28.142432735656048
-14.388824023840726
-32.78718970263367
-27.971754192268804
-29.37619373057123
-33.53422337938393
-42.58788869606441
-51.03527717112365
-109.63316401122333
-22.353193970304492
6.011530113921253
104.86537211591539
-104.86537211591539
-56.35002870373137
-689.1654505501182
-48.51534341218403
-190.70660496706273
-190.70660496706273
-10.773131903699209
4.159133172801031
-58.581800569934785
27.93262400439689
-36.188993392368424
-38.47662235027138
-22.31196986087832
235.36097386388198
376.7592348598282
-67.62035620671315
67.62035621585582
-67.6203562158559
67.62035621585574
0.0
-15.038099185651959
-104.2938058417476
271.6639033007589
-313.1991650118604
-163.221532532327
-125.87659304785393
-229.39735920908197
29.951157461339385
-51.424373057268866
-157.74148988853221
-72.86154533456519
-96.12360664511192
-203.7699672562504
-203.7699672562504
-285.407793436646
-522.903855129879
-250.0609381259057
-349.6196933826948
-292.2881557138037
-1070.0177203485334
-1150.63333468979
205.78788157951655
130.18986144365334
21.523625121786438
106.00741704840759
199.8936249159888
6.471629502584114
421.65572092944353
134.6844649167372
6.471629502584114
166.48290010346025
145.14090473026886
120.4168445530261
195.42311297713266
-57.706491028715845
116.83473858903744
119.12150948116778
-49.373765467525274
-81.53200599547843
-162.47179684835388
45.46252628173164
-164.15202917908778
34.19188429461963
66.56578163173769
-120.50056752858401
38.058203151646154
6.261178156509629
97.38746395996398
-78.19327414728308
-94.41212598333914
-69.58248592517454
-58.32190982289268
-94.29010246675296
-90.85869250100075
-160.95108823993883
-9.6501338051537
-268.4633864981007
88.84362867994437
-265.57889295120367
81.16595275487201
-15.963403960023498
50.455249054582566
0.0
54.99905715265126
-418.8873039863942
-200.11269601360578
135.41892772440542
51.014131484662514
85.70734103444407
-67.78
124.30821857182946
-191.63126963434848
229.45369886628387
3.141592653589793
0.0
2.9963176079655285
0.0
3.068890888620703
0.0
34.15
0.0
0.0
0.0
0.0
0.0
0.0
0.0
0.0
0.0
0.0
0.0
2.80510699483337
0.0
2.7831239504239624
1.7053025658242404e-12
0.0
0.0
0.0
0.0
0.0
0.0
0.0
0.0
0.0
0.0
2.9142839102746683
0.0
2.897601821353786
0.0
0.0
0.0
0.0
0.0
0.0
0.0
2.5322808733316715
0.0
2.302607624932076
0.0
458.8570440272279
32.17
262.0
0.0
0.0
0.0
0.0
0.0
0.0
0.0
0.0
0.0
0.0
0.0
2.0601329167465794
0.0
2.8898723647973443
7.389644451905042e-13
0.9
0.9
0.26
0.26
0.6
0.27
0.27
0.27
0.14
0.14
0.14
0.31
0.13
0.13
0.13
0.13
0.09
0.09
0.09
0.09
0.2
0.2
0.2
1.899999999999602
1.9
1.9
1.9
1.9
1.9
0.57
1.38
0.9
0.9
1.38
0.9
41.08
126.98
160.0
0.0
20.0
943.5
140.0
0.0
0.0
0.0
0.0
0.0
0.0
0.0
0.0
0.0
0.0
0.0
0.0
0.0
0.0
0.0
0.0
0.0
0.0
0.0
0.0
0.0
0.0
0.0
0.0
0.0
0.0
0.0
0.0
0.0
0.0
0.0
0.0
0.0
0.0
0.0
0.0
0.0
0.0
0.0
0.0
0.0
0.0
2.8301936237471854
0.0
2.9989869320268587
7.105427357601002e-15
2.879936887767097
7.105427357601002e-15
27.08406528
0.0
2.8475301104232877
0.0
2.8691321453294196
0.0
2.6734491331274146
0.0
244.53
0.0
0.0
20.0
37.243886593125
0.0
0.0
0.0
0.0
0.0
2.7704974788028554
1.4210854715202004e-14
62.6
40.710610026875
0.0
0.0
2.8302317395769605
6.0538241086760536e-12
2.929240701386845
0.0
2.906122676952734
0.0
2.795342086328038
0.0
2.514918977006101
0.0
62.6
4.6
30.4
0.5288260463125
2.3629040824375003
2.284113810625
0.20460354337500003
0.04627795674999974
0.0
0.0
0.0
0.0
0.0
0.0
0.0
2.636779683484747e-16
2.397557390734031
0.0
84.92
0.0
302.54
0.0
0.0
0.0
56.96
0.0
0.0
0.0
0.0
0.0
0.0
0.0
2.2257320546992494
0.0
141.75
677.8
0.0
0.0
0.0
0.0
0.0
0.0
0.0
0.0
0.0
0.0
0.0
0.0
2.0743345391350565
0.0
0.9049061299374999
0.8740127464374998
1.1412308284375001
1.2446653201875
0.9779724313749998
0.9876214963124998
0.0
0.0
0.0
0.0
0.0
0.0
3.006933877372712
8.526512829121202e-14
3.1095791148988847
0.0
3.123162508142461
0.0
2.4383049647420028
0.0
13.61362227375
1.8996549968750003
0.0
0.0
3.078566031509955
1.4210854715202004e-14
0.8
119.1375328875
0.0
0.0
2.9532528944393
0.0
2.6379760658104354
0.0
0.6
0.6
0.6
2.25
0.0
0.1
0.4
0.48
0.24
0.49
0.05
0.05
0.0
0.0
0.0
0.0
0.0
0.0
0.0
0.0
0.0
0.0
0.0
0.0
0.0
0.0
2.376604573944201
0.0
2.3797922456325593
0.0
21.45299911
0.0
2.16
0.0
0.0
0.0
2.3799506576885086
0.0
2.3591021640796592
0.0
2.238893558467418
0.0
2.309838414346141
0.0
0.0
0.0
2.263032461582993
3.410605131648481e-13
2.23241985756196
0.0
0.0
7.43
0.0
0.0
2.09041300503057
7.105427357601002e-15
2.249289734766726
0.0
2.0128937595579695
0.0
1.9096066790569006
0.0
0.0
7.43
0.0
0.0
1.8161256660223193
7.105427357601002e-15
1.7465054545093621
0.0
1.7429377165528155
0.0
65.9
42.69
0.0
82.0
0.0
0.0
0.0
0.0
1.7118270667216537
0.0
1.7241898917763603
0.0
1.741715266037301
0.0
1.7516443307268053
0.0
1.7455831350481772
0.0
0.0
0.0
72.53745909437501
0.0
0.0
0.0
1.7089577156141345
3.595346242946107e-12
0.0
0.0
22.0
6.7193756868125
0.0
0.0
0.0
0.0
1.706103050661083
0.0
75.0
75.0
0.0
0.0
0.0
0.0
1.7039883116983805
1.2860823517257813e-12
1.720157406329726
0.0
1.7312759576497414
0.0
97.98
97.98
46.7
0.0
0.0
0.0
1.6340473162083138
5.684341886080802e-14
1.572535938632579
0.0
97.98
97.98
27.07
0.0
0.0
0.0
1.5577730268999037
1.5631940186722204e-12
0.0
97.98
0.0
0.0
1.560023146301757
0.0
1.5938395244353867
0.0
1.5730064717043417
0.0
636.0
6.91
0.0
0.0
0.0
0.0
0.0
0.0
1.5587146080927292
3.375077994860476e-13
446.4
77.0
0.0
0.0
1.5367637088003645
0.0
1.5649789771496925
0.0
1.5531267744073733
0.0
74.05
74.05
87.71
87.71
23.822756575
0.0
0.0
0.0
0.0
0.0
1.640296601886366
0.0
25.6
0.0
2.1187392203152653
0.0
2.1427927927365484
0.0
0.0
0.0
2.264754568364486
4.263256414560601e-14
2.1427927927365484
0.0
100.0
0.0
2.0987234122340577
0.0
1.9715885818981198
1.1368683772161603e-13
77.0
60.8
6.72609675475
0.0
0.0
0.0
1.754421027977749
0.0
60.8
41.55
0.0
0.0
0.0
0.0
0.0
0.0
1.5133902817804703
0.0
1.5171134341276682
0.0
1.5046197139225106
0.0
140.0
27.07
80.67
80.67
0.0
0.0
0.0
0.0
1.4371605875797941
0.0
1.5121736804575088
0.0
29.076955924374996
12.276760011250001
46.905830375625
0.0
0.0
0.0
1.2699340697368804
8.526512829121202e-13
1.0783244326422399
0.0
0.7483330784782468
0.0
0.0
0.0
0.0
0.0
0.0
0.0
0.0
0.0
0.5610485236300655
0.0
-0.7551791172174137
0.0
688.3
462.33333468979026
0.0
0.0
-3.141592653589793
0.0
0.7711177942844007
0.0
186.5
532.0823424382852
0.0
0.0
0.7866982772756883
0.0
0.0
0.0
0.0
0.0
0.0
0.0
0.0
0.0
0.9865395301614633
7.105427357601002e-15
0.0
0.0
0.0
0.0
0.0
0.0
0.9929193231282077
0.0
0.0
0.0
0.0
0.0
129.5170787225
0.0
0.0
0.0
0.0
0.0
1.0026263765434706
0.0
1.143013468766902
0.0
1.230512308224565
1.7053025658242404e-13
1.314732697111727
0.0
1.3327820956691039
5.826450433232822e-13
1.3913638212896013
0.0
1.3500187441832665
0.0
110.0
41.55
41.55
7.43
0.0
0.0
0.0
0.0
1.104297744292038
0.0
0.0
0.0
0.0
0.0
0.0
0.0
0.0
0.0
51.72027442687501
43.64858414625
0.0
0.0
0.0
0.0
0.0
0.0
0.0
0.0
0.0
0.0
1.135960919930748
0.0
1.1441273250531458
0.0
1.056886829774895
0.0
0.36
0.36
0.48
0.48
0.48
0.48
0.28
0.19
0.19
0.19
0.56
0.56
3.7499999999999005
0.69
0.69
0.36
0.9
0.9
0.32
0.27
0.18
0.9
0.5599999999999999
0.0
0.0
0.0
0.0
0.0
0.0
0.0
0.0
0.0
0.0
0.0
0.0
0.0
0.0
0.0
0.0
0.0
0.0
0.0
0.0
0.0
0.0
0.0
0.0
0.0
1.08735350889823
0.0
112.9290589375
0.0
0.9956706003652863
0.0
0.0
181.480948275
0.0
0.0
0.935401722867452
4.263256414560601e-14
0.9296479373053693
0.0
0.0
0.0
640.1
0.0
0.0
0.0
0.0
0.0
0.0
0.0
0.0
0.0
0.0
0.0
0.0
0.0
0.0
0.0
0.4437725565090473
0.0
0.9978438274981426
0.0
1.021215850902134
0.0
169.53053845
0.0
1.059677753139237
0.0
0.0
0.0
0.0
0.0
0.0
0.0
0.0
0.0
0.0
0.0
0.0
0.0
0.0
0.0
0.0
0.0
0.0
0.0
1.059677753139237
0.0
0.0
0.0
0.0
0.0
0.0
1.35
4.65
0.0
34.68310359625001
0.0
0.0
0.0
0.0
0.0
0.0
0.0
0.0
0.0
1.094996421223079
0.0
619.0
0.0
2.547320159351765
0.0
3.0359774099792016
0.0
3.0448671160285214
0.0
40.71
27.07
0.0
0.0
1.5503816844068519
0.0
3.0041594807169645
0.0
1.8793167549752916
0.0
-145.4204660902095
-171.46642681114932
-275.47674696742547
-264.59901684142415
242.88881455777582
-80.2023505863011
-753.0270440272279
939.4871801059071
-753.0270440272279
123.2054795909142
156.52260173928335
-304.4833726854049
-269.6817924996798
-149.1857905459483
-198.2594047530533
149.2675338201514
70.35822350758394
-61.970876272550576
-16.618860175647804
46.68887478380812
-398.3546390425154
-108.65242210918267
192.17494195078353
121.16482916100321
84.62304428186773
-43.90449453400197
-27.229710769507154
-114.2067944527389
-176.36673541977987
-238.5398094722222
-361.4836528835645
396.3285747571423
479.2649218735779
120.05290935912406
14.4044467049617
606.0416711836924
-186.46013607867917
423.22142524285766
259.19187355919394
-134.7325577908165
380.16818509438417
-127.22145890536324
-71.10063963303855
-168.4518043511
-183.65472293044647
1.5530593721148165
-41.62994277049132
-196.39007163785683
12.48538710702286
-186.19584958182168
320.5562816727126
-46.47523559691525
-57.18434672054627
-369.2803820195143
-77.36521117953019
-62.85955650067651
-94.32757188109895
-105.19026112857728
-96.33087824076868
-75.73756048369762
-114.63604934638927
-68.9388001689129
-54.819064183211594
-38.72378278805818
-55.485420460333266
-117.20926881878849
-117.20926881878849
-106.33312491099773
-61.60524719657974
16.43992693392385
21.81620388005621
16.88616443685188
-3.707153320219181
-30.020835599933157
-0.9928550543738766
-0.9860313084722051
-4.0377156337316755
-52.035643104445626
-14.004893792116501
16.738193194158278
-3.009317497421975
28.248080684877802
-14.5192049881415
-32.669166771359414
-27.864938442118387
-29.264014846532483
-33.390053039593155
-42.421639706554856
-50.8495262081492
-109.35490171750689
-22.30444265373376
5.984360111120623
104.16526365522569
-104.16526365522569
-56.84121196322485
-689.8366636922269
-47.324051692000836
-190.4933165929806
-190.4933165929806
-10.669466743053817
4.235752861479071
-59.326754850754696
27.798293940877805
-34.92396053347272
-38.23212837360336
-22.07730396089039
235.59412834751706
376.7264712023507
-67.75654201178052
67.75654202094174
-67.7565420209417
67.75654202094165
0.0
-15.12910663704406
-104.36215491224743
271.5508032725729
-313.1399761724659
-162.85861230132133
-125.64982188689987
-229.21375695446147
30.02542215470271
-51.2037713358897
-157.1746272100304
-72.59970876400078
-95.82262261524095
-202.73808888098978
-202.73808888098978
-285.4117375566939
-522.8093780736235
-249.99345013223703
-349.5107493451327
-292.1755924939545
-1070.1037730713433
-1150.6333346897902
205.95026535521353
130.43338361449094
21.88270083011011
106.29853876562771
200.4425806114221
7.631331301185135
427.5803946324261
136.57691287341032
7.631331301185135
165.5508162985676
144.23160232865268
119.53393372214852
194.05619555566827
-57.350819736310086
118.58118101486752
117.68675193045124
-49.03294037353103
-80.68689203156265
-161.58390450732674
45.198150294444304
-163.01963498607938
32.9970723187744
66.19404025940968
-119.58537668228769
38.946095492673294
6.4710024738284915
97.06700043282801
-77.89329935932005
-92.5855448354173
-68.76976448847216
-57.88062407262416
-93.50879140589336
-90.0930055117342
-159.4414748919703
-10.518803587567163
-268.64981766660594
88.82233946584664
-265.50567255089686
81.15285903644346
-15.265171404751811
50.474937318830726
0.0
55.185418881003315
-419.03313544045704
-199.96686455954296
135.17077701733186
51.19195498906221
85.47794277850348
-67.78
124.26132640947037
-191.83332000568822
229.58773343667133
3.141592653589793
0.0
2.9963974319713778
0.0
3.068910577881529
0.0
34.15
0.0
0.0
0.0
0.0
0.0
0.0
0.0
0.0
0.0
0.0
0.0
2.805188084834356
0.0
2.7832037166286723
0.0
0.0
0.0
0.0
0.0
0.0
0.0
0.0
0.0
0.0
0.0
2.914360302953369
2.842170943040401e-14
2.897703708005981
0.0
0.0
0.0
0.0
0.0
0.0
0.0
2.5323477248350277
0.0
2.302437477036695
0.0
459.63409123629964
32.17
262.0
0.0
0.0
0.0
0.0
0.0
0.0
0.0
0.0
0.0
0.0
0.0
2.0597125596498684
0.0
2.8900160035841633
3.922195901395753e-12
0.9
0.9
0.26
0.26
0.6
0.27
0.27
0.27
0.14
0.14
0.14
0.31
0.13
0.13
0.13
0.13
0.09
0.09
0.09
0.09
0.2
0.2
0.2
1.9
1.9
1.9
1.9
1.9
1.9
0.57
1.38
0.9
0.9
1.38
0.9
41.08
126.98
160.0
0.0
20.0
943.5
140.0
0.0
0.0
0.0
0.0
0.0
0.0
0.0
0.0
0.0
0.0
0.0
0.0
0.0
0.0
0.0
0.0
0.0
0.0
0.0
0.0
0.0
0.0
0.0
0.0
0.0
0.0
0.0
0.0
0.0
0.0
0.0
0.0
0.0
0.0
0.0
0.0
0.0
0.0
0.0
0.0
0.0
0.0
2.8303531865707323
0.0
2.999332862719175
0.0
2.880362783727408
0.0
26.5463248275
0.0
2.8487582091755703
0.0
2.869506049873269
0.0
2.674397445145533
0.0
244.53
0.0
0.0
20.0
35.501564045624995
0.0
0.0
0.0
0.0
0.0
2.772287006085863
0.0
62.6
37.981098264375
0.0
0.0
2.8320568007869382
0.0
2.930628876270756
0.0
2.9072316903518285
0.0
2.796165788885306
0.0
2.5153144097177087
2.8208546609675977e-12
62.6
4.6
30.4
0.5400325983125
2.5487020749375002
2.203282655125
0.18832976762500003
0.052003689
0.0
0.0
0.0
0.0
0.0
0.0
0.0
0.0
2.3977466897277697
1.4210854715202004e-14
84.92
0.0
302.54
0.0
0.0
0.0
56.96
0.0
0.0
0.0
0.0
0.0
0.0
0.0
2.226112350207796
0.0
141.75
677.8
0.0
0.0
0.0
0.0
0.0
0.0
0.0
0.0
0.0
0.0
0.0
0.0
2.0747313847399482
0.0
0.9948813426875
0.8961982521874992
1.2438273574375
1.3354796399375
1.0790010853749998
1.0402930620625
0.0
6.661338147750939e-16
0.0
0.0
0.0
0.0
3.0072127113089717
0.0
3.1097898040786975
0.0
3.123337759306447
0.0
2.438739069726087
0.0
14.16920773875
2.1393923328750013
0.0
0.0
3.0787485249279687
4.263256414560601e-14
0.8
117.8123535625
0.0
0.0
2.953862645619167
0.0
2.638684994773503
0.0
0.6
0.6
0.6
2.25
0.0
0.1
0.4
0.48
0.24
0.49
0.05
0.05
0.0
0.0
0.0
0.0
0.0
0.0
0.0
0.0
0.0
0.0
0.0
0.0
0.0
0.0
2.376805810876121
0.0
2.379961538670515
0.0
21.45299911
0.0
2.16
0.0
0.0
0.0
2.3801242356310004
3.552713678800501e-15
2.359282952530801
5.5706550483591855e-12
2.2390288957828655
0.0
2.3097725980904404
0.0
0.0
0.0
2.262856269547164
7.105427357601002e-15
2.2321442910323195
0.0
0.0
7.43
0.0
0.0
2.0899548473434604
0.0
2.249120789094054
0.0
2.0122665426108437
0.0
1.9088380118449328
0.0
0.0
7.43
0.0
0.0
1.8153110343021142
0.0
1.7457236883188276
0.0
1.7421085141539607
0.0
65.9
42.69
0.0
82.0
0.0
0.0
0.0
0.0
1.7110127521037797
0.0
1.7232804445135537
0.0
1.7406910171449614
0.0
1.7505848670839281
0.0
1.7444804780824184
0.0
0.0
0.0
72.17518685437501
0.0
0.0
0.0
1.7078750064865633
3.794298208958935e-12
0.0
0.0
22.0
7.0130812080625
0.0
0.0
0.0
0.0
1.7049559929177636
0.0
75.0
75.0
0.0
0.0
0.0
0.0
1.7028815929039063
6.252776074688882e-13
1.7191208003226017
0.0
1.7302073205204
0.0
97.98
97.98
46.7
0.0
0.0
0.0
1.6330139690226684
0.0
1.571638861773166
0.0
97.98
97.98
27.07
0.0
0.0
0.0
1.556904597767697
5.115907697472721e-13
0.0
97.98
0.0
0.0
1.5591411129715094
2.7711166694643907e-13
1.5929780665179394
0.0
1.572234075583884
7.105427357601002e-15
636.0
6.91
0.0
0.0
0.0
0.0
0.0
0.0
1.5581849115900321
0.0
446.4
77.0
0.0
0.0
1.5360540953861321
0.0
1.5641609713480729
0.0
1.552695546153074
0.0
74.05
74.05
87.71
87.71
23.23217074
0.0
0.0
0.0
0.0
0.0
1.639907031040154
0.0
25.6
0.0
2.118283810684
0.0
2.1423930019538635
1.1368683772161603e-13
0.0
0.0
2.2646367886449617
0.0
2.1423930019538635
0.0
100.0
0.0
2.0981153558517636
0.0
1.970998107435671
7.673861546209082e-13
77.0
60.8
7.020096055500001
0.0
0.0
0.0
1.7536451635561277
0.0
60.8
41.55
0.0
0.0
0.0
0.0
0.0
0.0
1.5130116100453015
0.0
1.516741570039908
7.105427357601002e-15
1.5042934595977133
0.0
140.0
27.07
80.67
80.67
0.0
0.0
0.0
0.0
1.437016983212325
0.0
1.511844025673734
0.0
29.698368829374996
12.927878478750001
47.84835575562499
0.0
0.0
7.105427357601002e-15
1.2693294380849698
0.0
1.0779112560131463
0.0
0.7482564997296489
0.0
0.0
0.0
0.0
0.0
0.0
0.0
0.0
0.0
0.5611680181085305
0.0
-0.7551791172174137
0.0
688.3
462.33333468979026
0.0
0.0
-3.141592653589793
0.0
0.7716361780395032
0.0
186.5
537.1151034443723
0.0
0.0
0.787653206041644
0.0
0.0
0.0
0.0
0.0
0.0
0.0
0.0
0.0
0.9878231075620361
1.7763568394002505e-15
0.0
0.0
0.0
0.0
0.0
0.0
0.9949262858345733
0.0
0.0
0.0
0.0
0.0
119.53396161750001
0.0
0.0
0.0
0.0
0.0
1.0057339924904272
0.0
1.1451836299908034
0.0
1.2319138878978315
6.394884621840902e-13
1.3155930490103447
3.552713678800501e-15
1.333066583121697
7.105427357601002e-13
1.391427353826541
0.0
1.350532225107148
0.0
110.0
41.55
41.55
7.43
0.0
0.0
0.0
0.0
1.1054873053890575
0.0
0.0
0.0
0.0
0.0
0.0
0.0
0.0
0.0
51.771172854375
45.07143301125
0.0
0.0
0.0
0.0
0.0
0.0
0.0
0.0
0.0
0.0
1.1376766283688977
0.0
1.1463614340495292
0.0
1.0596949983089266
0.0
0.36
0.36
0.48
0.48
0.48
0.48
0.28
0.19
0.19
0.19
0.56
0.56
3.749999999999716
0.69
0.69
0.36
0.9
0.9
0.32
0.27
0.18
0.9
0.5599999999999999
0.0
0.0
0.0
0.0
0.0
0.0
0.0
0.0
0.0
0.0
0.0
0.0
0.0
0.0
0.0
0.0
0.0
0.0
0.0
0.0
0.0
0.0
0.0
0.0
0.0
1.08979855111809
0.0
113.4003590625
0.0
0.9986332684182018
0.0
0.0
177.95548165
0.0
0.0
0.9389635715772817
4.263256414560601e-14
0.932788595583933
0.0
0.0
0.0
640.1
0.0
0.0
0.0
0.0
0.0
0.0
0.0
0.0
0.0
0.0
0.0
0.0
0.0
0.0
0.0
0.44700686358054015
0.0
1.0012927252542168
0.0
1.0246211404059054
0.0
168.074304225
0.0
1.0629958637215327
0.0
0.0
0.0
0.0
0.0
0.0
0.0
0.0
0.0
0.0
0.0
0.0
0.0
0.0
0.0
0.0
0.0
0.0
0.0
1.0629958637215327
0.0
0.0
0.0
0.0
0.0
0.0
1.35
4.65
0.0
35.476109693750004
0.0
0.0
0.0
0.0
0.0
0.0
0.0
0.0
0.0
1.0977329888712097
0.0
619.0
0.0
2.548224753303683
0.0
3.036424170373686
1.4210854715202004e-14
3.0452882391139764
0.0
40.71
27.07
0.0
0.0
1.5499504561525526
0.0
3.00424968442854
0.0
1.8786236178448137
0.0
-145.34056218045066
-171.41998987523826
-275.4933358931973
-264.5433900415337
242.8825672873869
-80.07978340602259
-753.8040912362997
939.5355497738983
-753.8040912362997
123.2963935238063
156.61625655177068
-304.402127600064
-269.5523463670827
-149.098369569248
-198.08976895493402
149.54426693298984
70.73493232903263
-61.609923711174105
-16.207474128499328
46.94587924451915
-398.9948832853288
-108.33348403349237
193.8407147527106
121.2369060919805
84.2496371655719
-42.3893613926366
-27.558522883673632
-114.50092934120559
-176.63608752396456
-238.9587804434593
-361.5025743873905
396.2852498976037
479.2026755102133
119.97320788961396
14.366866624548024
607.3669470447949
-185.73145853759866
423.26475010239625
258.70190644461525
-134.71067786928387
380.35406407812206
-126.78769468030067
-70.66233864821379
-168.86914340995435
-184.31214166651006
1.595068240170626
-41.60681316649178
-196.7620015758261
12.382181922577558
-186.41338661132977
320.67748470124553
-46.70788154676231
-57.39683510563427
-369.8336554799973
-77.5476504855303
-63.06361090271854
-94.48165147195368
-105.32551383780606
-96.517622851381
-75.9577761913489
-114.79304187112507
-68.97269729888039
-54.793185813392256
-38.731492141839766
-55.53749794407658
-117.31953412242363
-117.31953412242363
-106.35766652707626
-61.575766442159946
16.313420757156347
21.662967183366014
16.82627540532904
-3.7335712547030724
-30.004484912894956
-1.0857251269211474
-1.0782630987504371
-4.128732063361712
-52.28705322911992
-13.737748435536469
16.810773719339323
-3.1042120827317428
28.287502698458695
-14.580941061851115
-32.64763953981708
-27.835706725453633
-29.233315428615448
-33.33736047347423
-42.327660171223854
-50.739580839184555
-109.14269633080595
-22.27762709372942
5.948178733353416
103.71995467027796
-103.71995467027796
-57.19954409665661
-690.5111401812428
-46.52041057362134
-190.37938710042545
-190.37938710042545
-10.590375038464913
4.290477244921711
-59.81301677387728
27.691503411429927
-34.3085339809904
-38.090949343971104
-21.946210204208228
235.70671593695553
376.6746296393169
-67.91321482463846
67.91321483382092
-67.91321483382082
67.91321483382103
0.0
-15.244485889519808
-104.45794557266709
271.3861281773063
-313.09667095117703
-162.59023886451996
-125.63903068784725
-229.10780261364323
30.08032253702955
-51.01684607783414
-156.68995222510648
-72.37583508047264
-95.56317665320971
-202.23524991794594
-202.23524991794594
-285.67663781088777
-522.2869905626098
-249.73845173791395
-349.1508364346072
-291.86970602437503
-1070.2009230538374
-1150.6333346897902
206.34133327350057
130.91629360727603
22.495825845343347
106.47335186914185
200.77221815865428
8.49662472930885
431.8431415259231
137.93851134327244
8.49662472930885
164.4453272383787
143.1518325351866
118.48395892587567
192.80912695072377
-57.11560445054033
120.2587642310632
116.40126030733495
-48.81116638585074
-80.07847972477344
-160.93673680612397
44.72631724067753
-162.47803366732592
31.944303678818077
65.94437368801115
-118.91374119942887
39.59326319387605
6.881779461313883
96.53131633089049
-77.3807462006809
-91.19633763198544
-68.15850977539075
-57.55384008711634
-92.82152587358723
-89.47075667313607
-157.85634087867254
-11.288804376029702
-268.8288021684199
88.66166954581779
-265.4544983471134
81.00144149373395
-14.783611359320652
50.360529285398606
0.0
54.27675804637053
-419.1783781852983
-199.8216218147017
134.90445220463334
51.38397813233075
85.23143019168779
-67.78
124.21178418663214
-192.0467559059562
229.73980566302797
3.141592653589793
0.0
2.9964772559772266
4.263256414560601e-14
3.068930267142356
0.0
34.15
0.0
0.0
0.0
0.0
0.0
0.0
0.0
0.0
0.0
0.0
0.0
2.8052691748353427
1.4210854715202004e-14
2.7832834828333826
0.0
0.0
0.0
0.0
0.0
0.0
0.0
0.0
0.0
0.0
0.0
2.914436695632068
0.0
2.8978055946581764
0.0
0.0
0.0
0.0
0.0
0.0
0.0
2.532414576338389
0.0
2.302267329141328
0.0
460.41113844534294
32.17
262.0
0.0
0.0
0.0
0.0
0.0
0.0
0.0
0.0
0.0
0.0
0.0
2.0592922025531806
0.0
2.890159642370983
2.6716406864579767e-12
0.9
0.9
0.26
0.26
0.6
0.27
0.27
0.27
0.14
0.14
0.14
0.31
0.13
0.13
0.13
0.13
0.09
0.09
0.09
0.09
0.2
0.2
0.2
1.9
1.9
1.9
1.9
1.9
1.9
0.57
1.38
0.9
0.9
1.38
0.9
41.08
126.98
160.0
0.0
20.0
943.5
140.0
0.0
0.0
0.0
0.0
0.0
0.0
0.0
0.0
0.0
0.0
0.0
0.0
0.0
0.0
0.0
0.0
0.0
0.0
0.0
0.0
0.0
0.0
0.0
0.0
0.0
0.0
0.0
0.0
0.0
0.0
0.0
0.0
0.0
0.0
0.0
0.0
0.0
0.0
0.0
0.0
0.0
0.0
2.8305127493942797
0.0
2.9996787934114906
0.0
2.880788679687718
0.0
26.008584375
0.0
2.8499863079278467
0.0
2.869879954417116
0.0
2.6753457571636465
0.0
244.53
0.0
0.0
20.0
33.759241498125
0.0
0.0
0.0
0.0
0.0
2.774076533368862
0.0
62.6
35.251586501875
0.0
0.0
2.8338818619969044
0.0
2.932017051154659
0.0
2.9083407037509184
0.0
2.796989491442571
2.1316282072803006e-14
2.515709842429318
6.0396132539608516e-12
62.59999999999999
4.6
30.4
0.5512391503124999
2.7345000674375
2.122451499625
0.1720559918750002
0.05772942125
0.0
0.0
0.0
0.0
0.0
0.0
0.0
0.0
2.3979359887215104
0.0
84.92
0.0
302.54
0.0
0.0
0.0
56.96
0.0
0.0
0.0
0.0
0.0
0.0
0.0
2.226492645716344
0.0
141.75
677.8
0.0
0.0
0.0
0.0
0.0
0.0
0.0
0.0
0.0
0.0
0.0
0.0
2.07512823034484
0.0
1.0848565554374998
0.9183837579374998
1.3464238864375
1.4262939596875
1.180029739375
1.0929646278125
0.0
0.0
0.0
0.0
0.0
0.0
3.00749154524523
7.815970093361102e-13
3.1100004932585104
0.0
3.123513010470428
0.0
2.439173174710171
0.0
14.72479320375
2.3791296688749988
0.0
1.3322676295501878e-15
3.0789310183459784
0.0
0.8
116.4871742375
0.0
0.0
2.954472396799033
0.0
2.6393939237365664
0.0
0.6
0.6
0.6
2.25
0.0
0.1
0.4
0.48
0.24
0.49
0.05
0.05
0.0
0.0
0.0
0.0
0.0
0.0
0.0
0.0
0.0
0.0
0.0
0.0
0.0
0.0
2.37700704780804
0.0
2.380130831708461
0.0
21.45299911
0.0
2.16
0.0
0.0
0.0
2.3802978135734953
0.0
2.359463740981941
5.002220859751105e-12
2.239164233098312
0.0
2.309706781834739
0.0
0.0
0.0
2.2626800775113334
1.8474111129762605e-13
2.2318687245026774
0.0
0.0
7.43
0.0
0.0
2.0894966896563494
0.0
2.2489518434214064
0.0
2.0116393256637286
0.0
1.9080693446329708
0.0
0.0
7.43
0.0
0.0
1.814496402581909
0.0
1.7449419221282934
0.0
1.741279311755108
0.0
65.9
42.69
0.0
82.0
0.0
0.0
0.0
0.0
1.7101984374859058
0.0
1.7223709972507475
0.0
1.7396667682526215
3.552713678800501e-15
1.7495254034410501
0.0
1.7433778211166584
0.0
0.0
0.0
71.81291461437502
0.0
0.0
0.0
1.706792297358991
5.158540261618327e-12
0.0
0.0
22.0
7.3067867293125
0.0
0.0
0.0
0.0
1.7038089351744432
0.0
75.0
75.0
0.0
0.0
0.0
0.0
1.7017748741094312
2.0605739337042905e-13
1.7180841943154772
1.7763568394002505e-15
1.7291386833910583
0.0
97.98
97.98
46.7
0.0
0.0
0.0
1.6319806218370216
9.094947017729282e-13
1.5707417849137524
0.0
97.98
97.98
27.07
0.0
0.0
0.0
1.5560361686354893
2.7000623958883807e-13
0.0
97.98
0.0
0.0
1.5582590796412612
0.0
1.592116608600491
0.0
1.571461679463425
0.0
636.0
6.91
0.0
0.0
0.0
0.0
0.0
0.0
1.5576552150873344
2.611244553918368e-12
446.4
77.0
0.0
0.0
1.535344481971899
0.0
1.5633429655464528
0.0
1.5522643178987745
0.0
74.05
74.05
87.71
87.71
22.641584905
0.0
0.0
0.0
0.0
0.0
1.6395174601939437
0.0
25.6
0.0
2.117828401052737
0.0
2.1419932111711817
2.5579538487363607e-13
0.0
0.0
2.26451900892544
0.0
2.1419932111711817
0.0
100.0
0.0
2.0975072994694726
0.0
1.9704076329732243
1.1368683772161603e-12
77.0
60.8
7.31409535625
0.0
0.0
0.0
1.752869299134509
0.0
60.8
41.55
0.0
0.0
0.0
0.0
0.0
0.0
1.5126329383101338
0.0
1.5163697059521493
0.0
1.5039672052729174
0.0
140.0
27.07
80.67
80.67
0.0
0.0
0.0
0.0
1.4368733788448584
0.0
1.51151437088996
0.0
30.319781734375
13.578996946250001
48.790881135625
0.0
0.0
0.0
1.2687248064330598
0.0
1.0774980793840534
0.0
0.7481799209810513
0.0
0.0
0.0
0.0
0.0
0.0
0.0
0.0
0.0
0.5612875125869954
0.0
-0.7551791172174137
0.0
688.3
462.33333468979026
0.0
0.0
-3.141592653589793
0.0
0.7721545617946055
0.0
186.5
542.1478644504576
0.0
0.0
0.788608134807599
0.0
0.0
0.0
0.0
0.0
0.0
0.0
0.0
0.0
0.989106684962608
1.4210854715202004e-14
0.0
0.0
0.0
0.0
0.0
0.0
0.9969332485409377
0.0
0.0
0.0
0.0
0.0
109.5508445125
0.0
0.0
0.0
0.0
0.0
1.008841608437382
0.0
1.147353791214704
0.0
1.233315467571098
7.958078640513122e-13
1.3164534009089626
1.0658141036401503e-14
1.333351070574291
5.115907697472721e-13
1.3914908863634825
0.0
1.3510457060310315
7.105427357601002e-15
110.0
41.55
41.55
7.43
0.0
0.0
0.0
0.0
1.1066768664860773
7.105427357601002e-15
0.0
0.0
0.0
0.0
0.0
0.0
0.0
0.0
51.822071281875004
46.49428187624999
0.0
0.0
0.0
0.0
0.0
0.0
0.0
0.0
0.0
7.105427357601002e-15
1.1393923368070475
0.0
1.1485955430459118
0.0
1.0625031668429565
0.0
0.36
0.36
0.48
0.48
0.48
0.48
0.28
0.19
0.19
0.19
0.56
0.56
3.749999999999858
0.69
0.69
0.36
0.9
0.9
0.32
0.27
0.18
0.9
0.5599999999999999
0.0
0.0
0.0
0.0
0.0
0.0
0.0
0.0
0.0
0.0
0.0
0.0
0.0
0.0
0.0
0.0
0.0
0.0
0.0
0.0
0.0
0.0
0.0
0.0
0.0
1.0922435933379504
0.0
113.8716591875
0.0
1.0015959364711173
0.0
0.0
174.43001502500002
0.0
0.0
0.9425254202871112
2.4158453015843406e-13
0.9359292538624965
0.0
0.0
0.0
640.1
0.0
0.0
0.0
0.0
0.0
0.0
0.0
0.0
0.0
0.0
0.0
0.0
0.0
0.0
0.0
0.45024117065203173
0.0
1.004741623010291
0.0
1.0280264299096762
0.0
166.61807
0.0
1.066313974303828
0.0
0.0
0.0
0.0
0.0
0.0
0.0
0.0
0.0
0.0
0.0
0.0
0.0
0.0
0.0
0.0
0.0
0.0
0.0
1.066313974303828
0.0
0.0
0.0
0.0
0.0
0.0
1.35
4.65
0.0
36.26911579125001
0.0
0.0
0.0
0.0
0.0
0.0
0.0
0.0
0.0
1.1004695565193399
0.0
619.0
0.0
2.549129347255597
0.0
3.03687093076817
0.0
3.0457093621994304
0.0
40.71
27.07
0.0
0.0
1.549519227898253
0.0
3.0043398881401147
0.0
1.8779304807143382
0.0
-145.26065827069212
-171.37355293932686
-275.5099248189667
-264.48776324164373
242.8763200169957
-79.95721622574645
-754.581138445343
939.5839194418713
-754.581138445343
123.38730745669595
156.70991136426073
-304.3208825147249
-269.42290023448584
-149.01094859254772
-197.9201331568171
149.821000045826
71.11164115047849
-61.248971149799935
-15.796088081353687
47.2028837052282
-399.6351275281377
-108.01454595780407
195.50648755463118
121.30898302295135
83.87623004927897
-40.874228251285786
-27.8873349978372
-114.79506422966938
-176.9054396281463
-239.37775141469615
-361.52149589121785
396.2419250380654
479.14042914684757
119.89350642010605
14.32928654413655
608.6922229058873
-185.00278099652837
423.30807496193455
258.21193933003724
-134.68879794774904
380.5399430618577
-126.35393045523523
-70.22403766338857
-169.28648246880698
-184.9695604025697
1.6370771082096383
-41.58368356247545
-197.13393151379367
12.278976738149083
-186.63092364084514
320.79868772977755
-46.94052749660938
-57.60932349072232
-370.38692894048114
-77.7300897915304
-63.26766530476009
-94.63573106280842
-105.46076654703435
-96.70436746199897
-76.1779918990058
-114.95003439586651
-69.00659442885056
-54.76730744357292
-38.739201495624044
-55.58957542782034
-117.42979942605852
-117.42979942605852
-106.38220814315777
-61.54628568774284
16.186914580388397
21.509730486675167
16.76638637380592
-3.7599891891872486
-29.988134225857035
-1.1785951994689867
-1.170494889029234
-4.2197484929917675
-52.538463353794214
-13.470603078956321
16.883354244520817
-3.199106668041958
28.32692471203996
-14.642677135561101
-32.62611230827497
-27.806475008789107
-29.202616010698655
-33.28466790735544
-42.23368063589277
-50.62963547021968
-108.93049094410601
-22.250811533723965
5.911997355587118
103.27464568533024
-103.27464568533024
-57.55787623008746
-691.1856166702587
-45.71676945524278
-190.2654576078712
-190.2654576078712
-10.511283333876122
4.345201628364471
-60.299278696998954
27.584712881981925
-33.693107428499914
-37.94977031433841
-21.815116447525668
235.81930352639776
376.62278807628354
-68.06988763749632
68.06988764669993
-68.06988764669985
68.06988764670018
0.0
-15.359865141995442
-104.55373623308719
271.22145308204017
-313.0533657298882
-162.3218654277186
-125.62823948879532
-229.00184827282533
30.13522291935746
-50.8299208197775
-156.2052772401803
-72.15196139694343
-95.30373069117739
-201.73241095489766
-201.73241095489766
-285.9415380650821
-521.7646030515966
-249.48345334359112
-348.79092352408213
-291.5638195547958
-1070.2980730363315
-1150.6333346897902
206.73240119178726
131.3992036000608
23.1089508605763
106.64816497265588
201.10185570588624
9.361918157432243
436.10588841941853
139.30010981313401
9.361918157432243
163.33983817819112
142.07206274172165
117.43398412960416
191.56205834577983
-56.8803891647716
121.93634744725932
115.11576868422003
-48.58939239817151
-79.470067417985
-160.28956910492207
44.254484186911384
-161.93643234857223
30.891535038862354
65.69470711661369
-118.24210571657083
40.24043089507797
7.292556448798564
95.99563222895368
-76.86819304204245
-89.80713042855405
-67.54725506230938
-57.227056101608355
-92.13426034128133
-88.84850783453807
-156.27120686537467
-12.058805164492696
-269.0077866702332
88.50099962578896
-265.4033241433305
80.85002395102447
-14.30205131388955
50.2461212519665
0.0
53.368097211737734
-419.3236209301384
-199.67637906986158
134.63812739193474
51.57600127559937
84.98491760487201
-67.78
124.16224196379392
-192.26019180622416
229.8918778893846
