3.141592653589793
0.0
3.005597561259563
0.0
3.0701123446186447
0.0
0.0
0.0
0.0
0.0
0.0
0.0
0.0
0.0
0.0
0.0
0.0
0.0
2.810581544627322
0.0
2.786221137728485
0.0
0.0
0.0
0.0
0.0
0.0
0.0
0.0
0.0
0.0
0.0
2.9206088587825034
5.684341886080802e-14
2.907750984125789
0.0
0.0
0.0
0.0
0.0
0.0
0.0
2.524606323874954
1.1368683772161603e-13
2.3306263238992013
0.0
636.0
0.0
0.0
0.0
0.0
0.0
0.0
0.0
0.0
0.0
0.0
0.0
0.0
0.0
2.1258343238918287
0.0
2.8972740129483956
0.0
2.9999999999853912
3.0
1.3
1.3
3.0
1.35
1.35
1.35
0.71
0.71
0.71
1.57
0.65
0.65
0.65
0.65
0.45
0.45
0.45
0.45
1.0
1.0
1.0
1.9
1.9
1.9
1.9
1.9
1.9
1.9
4.6
3.0
3.0
4.6
3.0
0.0
126.98
0.0
0.0
0.0
943.5
140.0
0.0
0.0
0.0
0.0
0.0
0.0
0.0
0.0
0.0
0.0
0.0
0.0
0.0
0.0
0.0
0.0
0.0
0.0
0.0
0.0
0.0
0.0
0.0
0.0
0.0
0.0
0.0
0.0
0.0
0.0
0.0
0.0
0.0
0.0
0.0
0.0
0.0
0.0
0.0
0.0
0.0
0.0
2.848135458807554
0.0
2.985949886137682
8.526512829121202e-14
2.8749951850287108
0.0
29.99943904625
0.0
2.7859862566944837
2.4442670110147446e-12
2.856517769684473
0.0
2.605594012144472
5.6701310313655995e-11
0.0
0.0
0.0
20.0
57.057377517499994
0.0
0.0
0.0
0.0
0.0
2.7609543436471142
0.0
62.6
38.6658185825
0.0
0.0
2.7738878837374443
7.560174708487466e-12
2.8193975736444
0.0
2.761105334444448
0.0
2.6133776210218276
0.0
2.2761874317802855
0.0
62.6
4.6
30.4
0.599032466875
1.4783766904375002
1.93418743725
0.39401530712499994
0.0
0.0
0.0
0.0
0.0
0.0
0.0
0.0
1.6937499999999998e-21
2.1491399036338263
8.526512829121202e-14
154.4
0.0
597.9429948087992
0.0
0.0
0.0
56.96
0.0
0.0
0.0
0.0
0.0
0.0
0.0
1.9399259697202087
0.0
0.0
677.8
0.0
0.0
0.0
0.0
0.0
0.0
0.0
0.0
0.0
0.0
0.0
0.0
1.887172338560001
0.0
0.8319322507500001
0.5517442499374999
0.0
0.0
0.0
0.18472794150000002
0.0
0.0
0.0
0.0
2.7125e-20
0.0
2.7990576950739374
0.0
2.9190608432792997
2.842170943040401e-14
2.955614846205462
2.842170943040401e-14
2.3513156190695934
0.0
0.5349254741875
1.750239811375
0.0
0.0
2.920977060933051
0.0
0.8
97.24945669249999
0.0
0.0
2.7658271500872065
3.097966327914037e-12
2.547524002452219
0.0
2.999999999996845
3.0
3.0
7.5
0.0
0.1
0.4
0.48
0.24
0.49
0.05
0.05
0.0
0.0
0.0
0.0
0.0
0.0
0.0
0.0
0.0
0.0
0.0
0.0
0.0
0.0
2.2527968956922777
0.0
2.2592951154785323
0.0
0.0
0.0
2.16
0.0
0.0
0.0
2.2602707463339353
5.684341886080802e-14
2.2335856607184734
0.0
2.103193201962762
0.0
2.1708872444375498
1.4210854715202004e-14
0.0
0.0
2.115440010359359
0.0
2.0782712536190733
2.842170943040401e-14
0.0
7.43
0.0
0.0
1.9151138039017486
0.0
2.0988912325922646
0.0
1.8210446134928455
0.0
1.7016796630508129
0.0
0.0
7.43
0.0
0.0
1.594800421916105
2.842170943040401e-14
1.5140585668683393
2.842170943040401e-14
1.5163356225397946
4.973799150320701e-14
0.0
98.1999999999986
0.0
82.0
0.0
0.0
0.0
0.0
1.483213174483347
0.0
1.502686597200812
3.552713678800501e-14
1.5294323656228919
3.552713678800501e-14
1.5421987757312596
0.0
1.5422734408891703
0.0
0.0
0.0
20.255427479374998
0.0
0.0
0.0
1.5085544020479702
7.531752999057062e-13
0.0
0.0
22.0
5.1259724084375
0.0
0.0
0.0
0.0
1.5033307744436293
6.394884621840902e-14
75.0
75.0
0.0
0.0
0.0
0.0
1.5012628389788887
2.9132252166164108e-12
1.5099671601741083
1.4210854715202004e-14
1.5233660195922276
1.4210854715202004e-14
97.98
97.98
46.7
0.0
0.0
0.0
1.4118353970790976
5.115907697472721e-13
1.3355449854899986
1.1368683772161603e-13
97.98
97.98
27.07
0.0
0.0
0.0
1.319866327317822
5.400124791776761e-13
0.0
97.98
0.0
0.0
1.318512187204261
2.984279490192421e-13
1.3599370437468625
0.0
1.3330467052340946
0.0
636.0
6.91
0.0
0.0
0.0
0.0
0.0
0.0
1.3072948094934596
0.0
596.4
77.0
0.0
0.0
1.270147219560613
0.0
1.3109316054794489
0.0
1.2834289747321872
0.0
74.05
74.05
87.71
87.71
24.723484448749996
0.0
0.0
0.0
0.0
0.0
1.3608570407992406
0.0
25.6
0.0
1.8277150494155308
6.252776074688882e-13
1.8554442895770595
0.0
0.0
0.0
1.9960432537426165
3.410605131648481e-13
1.8554442895770595
0.0
100.0
0.0
1.796173219330365
0.0
1.6717072563698787
0.0
77.0
60.8
5.131099672
0.0
0.0
0.0
1.4535943013814112
0.0
60.8
41.55
0.0
0.0
0.0
0.0
0.0
0.0
1.2014751641468626
0.0
1.2049184567708018
0.0
1.1908417295993203
0.0
140.0
27.07
80.67
80.67
0.0
0.0
0.0
0.0
1.1171791706263736
0.0
1.2247183795755596
0.0
0.0506060723125
0.0
0.028374039812500005
0.0
0.0
0.0
0.9386299864245409
0.0
0.732277175394564
0.0
0.38019709822880277
0.0
0.0
0.0
0.0
0.0
0.0
0.0
0.0
0.0
0.18279731889053163
2.2737367544323206e-13
-0.9940219338104219
0.0
668.0728638265242
367.4
0.0
0.0
-3.141592653589793
0.0
0.3161498213364431
5.684341886080802e-14
336.5
595.0
0.0
0.0
0.28114142888905613
0.0
0.0
0.0
0.0
0.0
0.0
0.0
0.0
0.0
0.48344598410999096
0.0
0.0
0.0
0.0
0.0
0.0
0.0
0.49863902463958
0.0
0.0
0.0
0.0
0.0
158.30333048125
0.0
0.0
0.0
0.0
0.0
0.5217557083203408
0.0
0.6954206375321434
0.0
0.8124065698316967
4.547473508864641e-13
0.9186714015909159
0.0
0.9664963529219435
1.1368683772161603e-12
1.0480127460740682
0.0
0.9884058331017682
0.0
110.0
41.55
41.55
7.43
0.0
0.0
0.0
0.0
0.7023907001751493
5.684341886080802e-14
0.0
0.0
0.0
0.0
0.0
0.0
0.0
0.0
39.711791490625004
0.009718131625000001
0.0
0.0
0.0
0.0
0.0
0.0
0.0
0.0
0.0
0.0
0.701721091886661
0.0
0.6884000403885611
0.0
0.5842256926682143
3.907985046680551e-14
1.2
1.2
1.6
1.6
1.6
1.6
0.95
0.95
0.95
0.95
1.88
1.88
3.75
2.29
2.29
1.2
0.9
0.9
1.6
0.9
0.9
3.0
1.88
0.0
0.0
0.0
0.0
0.0
0.0
0.0
0.0
0.0
0.0
0.0
0.0
0.0
0.0
0.0
0.0
0.0
0.0
0.0
0.0
0.0
0.0
0.0
0.0
0.0
0.6215175489363522
0.0
216.96916160625
0.0
0.4872201372958065
0.0
0.0
85.9609540875
0.0
0.0
0.4436033517304141
2.1316282072803006e-13
0.42394524479179374
0.0
0.0
0.0
751.1
0.0
0.0
0.0
0.0
0.0
0.0
0.0
0.0
0.0
0.0
0.0
0.0
0.0
0.0
0.0
-0.15873422292361905
0.0
0.5209202748970663
0.0
0.550436036027778
0.0
112.87601517312498
0.0
0.6056816565009209
2.842170943040401e-14
0.0
0.0
0.0
0.0
0.0
0.0
0.0
0.0
0.0
0.0
0.0
0.0
0.0
0.0
0.0
0.0
0.0
0.0
0.6056816565009209
0.0
0.0
0.0
0.0
0.0
0.0
1.35
4.65
0.0
57.233577978125005
0.0
0.0
0.0
0.0
0.0
0.0
0.0
0.0
0.0
0.625181112154364
0.0
619.0
0.0
2.464024987903924
1.1368683772161603e-13
2.837650570198205
0.0
2.8448862815575575
0.0
40.71
27.07
0.0
0.0
1.2806838847316657
0.0
3.015420160409734
0.0
1.5794937763416899
2.842170943040401e-14
-136.13122355364737
-168.58563436321845
-305.2682568581309
-262.8622285946394
248.86615011994434
-61.816705084320574
-636.0
979.8307634806952
-636.0
126.0064946446555
162.83412790797138
-250.70690886579723
-255.62029612902325
-138.7355536319319
-175.33978037229724
121.30762405418909
37.99112619678988
-81.81817899011367
-45.64560427213712
10.050732463093254
-412.7968982024586
-139.32468493133234
307.64422082807744
26.234361238988186
38.897170860606934
-30.706530347937587
-68.65988129935522
-152.29661176828222
-212.06930140638167
-258.22668319868814
-420.32682757509656
138.09851088424216
527.074678117945
140.35455927153453
38.76352377943317
655.3566832770475
-343.83076348069505
539.7014891157578
201.7805814338891
-104.64587694713168
424.6658441329389
-157.51259978206787
-44.01396686125918
-191.6899149856667
-210.9680113568503
9.565008386665909
-51.72928524159454
-221.08333924513715
27.887502397368507
-204.37484010189291
347.713223392024
-59.14944932067988
-70.32479187592378
-459.48595764199973
-91.6483207913123
-76.32188241061112
-109.4678723748591
-120.85737015433415
-113.22193117052683
-91.55601611821425
-132.48052208195213
-78.81949935721241
-63.57626381688431
-41.51576686573128
-49.35262781598817
-133.71536513645816
-133.71536513645816
-117.45510137988816
-65.58900605893109
25.895508931970767
33.73663586831526
21.711581815560635
0.0456667632480503
-27.638556425609863
8.768590851653585
8.708325623991387
-7.388440741634213
-76.35144576062521
-13.69493685199052
9.010684463876032
5.433255950101852
22.881139343092173
-8.437198929114288
-42.180115556059036
-35.62846290810501
-37.41733970335849
-42.39822862511801
-52.61407695694709
-61.31271317724952
-116.13820867640356
-30.36149426543693
-3.6014364721199854
134.4516925638361
-134.4516925638361
-49.18051461846744
-807.1991810340238
-85.27117794536866
-231.8454352082681
-231.8454352082681
-22.18576497268623
-6.479129679320295
-100.39889172144103
40.18166100472354
-149.16146725795352
-55.14813753328826
-37.764238790333366
209.26504344748741
367.604731192459
-78.11053564321969
78.11053565378052
-78.11053565378086
78.11053565378052
0.0
-23.84114140932627
-110.64382486193244
254.79525864967923
-306.56641120881216
-170.35076840785484
-157.8038382695231
-235.2336629605984
27.76848890261863
-57.69150480484234
-173.8061721985032
-80.28189859254739
-104.6343166894527
-290.64651070544096
-290.64651070544096
-308.1420607525679
-563.0363192277227
-266.7273311947181
-371.27017332690116
-307.955973908733
-956.7636201040814
-1035.4728638265242
130.7377475009598
56.84630635940459
-49.169090515206335
107.60880596513904
202.9132950898179
18.17349345942671
476.46391971355615
152.19119507568502
18.17349345942671
204.79354859554712
183.956241461412
159.81684745298537
244.84984271665587
-82.79275698790741
52.578049999832274
177.31850755427865
-74.0539877735821
-119.23457177870381
-201.3536264310227
61.00521475970345
-190.83703093590066
87.43135527177049
92.10891883023669
-160.159073311096
-0.8236264310226034
-10.555508318070224
111.75310261179379
-93.01281046905979
-152.7686532577793
-105.14752675349337
-84.78371946827804
-109.48565982177598
-121.29949654591485
-115.38832162325986
-35.9380382809901
-329.14621563885083
109.98139855439456
-318.40408070033715
102.48528169730093
-8.734634547261294
72.50081426892643
0.0
30.467899458504917
-470.3289841577631
-148.671015842237
117.3585295856235
61.84694530749039
69.57414768329932
-67.78
119.48907257537587
-191.71201669043057
231.43285836805194
3.141592653589793
0.0
3.0052696620773043
0.0
3.0698782157738993
1.1368683772161603e-13
0.0
0.0
0.0
0.0
0.0
0.0
0.0
0.0
0.0
0.0
0.0
0.0
2.809446166623573
0.0
2.785006864456901
0.0
0.0
0.0
0.0
0.0
0.0
0.0
0.0
0.0
0.0
0.0
2.9199281106634754
0.0
2.9070890296202982
5.684341886080802e-14
0.0
0.0
0.0
0.0
0.0
0.0
2.522464290128732
0.0
2.3284842901529794
0.0
636.0
0.0
0.0
0.0
0.0
0.0
0.0
0.0
0.0
0.0
0.0
0.0
0.0
0.0
2.123692290145607
0.0
2.896462491469065
1.5234036254696548e-11
2.9999999999980105
3.0
1.3
1.3
3.0
1.35
1.35
1.35
0.71
0.71
0.71
1.57
0.65
0.65
0.65
0.65
0.45
0.45
0.45
0.45
1.0
1.0
1.0
1.9
1.9
1.9
1.9
1.9
1.9
1.9
4.6
3.0
3.0
4.6
3.0
0.0
126.98
0.0
0.0
0.0
943.5
140.0
0.0
0.0
0.0
0.0
0.0
0.0
0.0
0.0
0.0
0.0
0.0
0.0
0.0
0.0
0.0
0.0
0.0
0.0
0.0
0.0
0.0
0.0
0.0
0.0
0.0
0.0
0.0
0.0
0.0
0.0
0.0
0.0
0.0
0.0
0.0
0.0
0.0
0.0
0.0
0.0
0.0
0.0
2.8473927039192155
0.0
2.9847743243087193
5.684341886080802e-14
2.8735571198978818
0.0
31.603982246250002
0.0
2.7821592130185966
0.0
2.854898284286479
0.0
2.6013039573884313
0.0
0.0
0.0
0.0
20.0
60.06355257
0.0
0.0
0.0
0.0
0.0
2.7561005861334475
0.0
62.6
40.5658954725
0.0
0.0
2.7694552532206753
0.0
2.814854960840611
4.263256414560601e-14
2.7562190749444415
0.0
2.6078643361201586
0.0
2.269371747500025
0.0
62.6
4.6
30.4
0.542274916375
1.3272975601875001
1.8797479664999999
0.364192018375
0.0
0.0
0.0
0.0
0.0
0.0
0.0
0.0
8.46875e-21
2.142975144796752
2.842170943040401e-14
154.3999999999999
0.0
602.9488235592801
0.0
0.0
0.0
56.96
0.0
0.0
0.0
0.0
0.0
0.0
0.0
1.932063985500399
0.0
0.0
677.8
0.0
0.0
0.0
0.0
0.0
0.0
0.0
0.0
0.0
0.0
0.0
0.0
1.8805309926727851
2.2737367544323206e-13
0.7730509945
0.4567704411874999
0.0
0.0
0.0
0.1348942085
0.0
0.0
0.0
0.0
1.35625e-19
0.0
2.792014892653331
0.0
2.9126521147228157
0.0
2.9496286570812122
2.842170943040401e-14
2.3474223071239706
0.0
0.4714419299375001
1.6289384971249998
0.0
0.0
2.915002035567782
0.0
0.8
104.78125977749998
0.0
0.0
2.7579102480383577
2.3305801732931286e-12
2.544116704506285
1.7763568394002505e-14
2.9999999999986358
3.0
3.0
7.5
0.0
0.1
0.4
0.48
0.24
0.49
0.05
0.05
0.0
0.0
0.0
0.0
0.0
0.0
0.0
0.0
0.0
0.0
0.0
0.0
0.0
0.0
2.2496843307585284
0.0
2.2562469636488034
7.105427357601002e-15
0.0
0.0
2.16
0.0
0.0
0.0
2.2572198507821284
1.4210854715202004e-14
2.2304433762900002
0.0
2.0997011980316174
0.0
2.1681036149234307
2.842170943040401e-14
0.0
0.0
2.1127602205915537
5.3290705182007514e-14
2.0757113511296206
0.0
0.0
7.43
0.0
0.0
1.9125778099948079
0.0
2.0961716372061936
0.0
1.8186259426200513
0.0
1.6992824633874637
0.0
0.0
7.43
0.0
0.0
1.592248580891468
1.4210854715202004e-14
1.511214040852531
0.0
1.5136770453750152
0.0
0.0
98.2
0.0
82.0
0.0
0.0
0.0
0.0
1.4804637130835712
0.0
1.5000613634462336
0.0
1.5269551438686122
3.552713678800501e-14
1.5397798622141892
4.618527782440651e-14
1.539834937618437
0.0
0.0
0.0
21.922675306874996
0.0
0.0
0.0
1.5059280183866939
0.0
0.0
0.0
22.0
5.4833850186875
0.0
0.0
0.0
0.0
1.5007723697476072
0.0
75.0
75.0
0.0
0.0
0.0
0.0
1.4987049086741457
2.9913849175500218e-12
1.5074226291248998
3.552713678800501e-14
1.5208849015509358
3.552713678800501e-14
97.98
97.98
46.7
0.0
0.0
0.0
1.4094095241751088
1.7621459846850485e-12
1.3328669128934179
0.0
97.98
97.98
27.07
0.0
0.0
0.0
1.3171030065587797
0.0
0.0
97.98
0.0
0.0
1.315820599001487
6.536993168992922e-13
1.3571040261766747
0.0
1.3300027318783236
0.0
636.0
6.91
0.0
0.0
0.0
0.0
0.0
0.0
1.3036160351244837
7.673861546209082e-13
596.4
77.0
0.0
0.0
1.2670310460596497
0.0
1.3081066322208867
0.0
1.2791402875076434
0.0
74.05
74.05
87.71
87.71
26.12801315125
0.0
0.0
0.0
0.0
0.0
1.356366536281735
0.0
25.6
0.0
1.8236714079705925
2.8421709430404007e-13
1.851217659875907
0.0
0.0
0.0
1.9908887962636994
0.0
1.851217659875907
0.0
100.0
0.0
1.792502727131307
5.684341886080802e-14
1.6677023176535526
6.821210263296962e-13
77.0
60.8
5.488869785
0.0
0.0
0.0
1.4490643904823317
1.4210854715202004e-14
60.8
41.55
0.0
0.0
0.0
0.0
0.0
0.0
1.1959538003720995
0.0
1.1993912375760374
1.4210854715202004e-14
1.1851960174039355
1.4210854715202004e-14
140.0
27.07
80.67
80.67
0.0
0.0
0.0
0.0
1.111022043569287
0.0
1.2197698587038541
0.0
0.045456343062499995
0.0
0.025544013062500003
0.0
0.0
0.0
0.9323731305233585
8.526512829121202e-14
0.7262073783447898
0.0
0.3742249578277592
0.0
0.0
0.0
0.0
0.0
0.0
0.0
0.0
0.0
0.1767160002109267
0.0
-0.9974792119298197
0.0
666.4059023419194
367.4
0.0
0.0
-3.141592653589793
0.0
0.30884227465038583
8.526512829121202e-14
336.5
595.0
0.0
0.0
0.2722188864498891
2.2737367544323206e-13
0.0
0.0
0.0
0.0
0.0
0.0
0.0
0.0
0.4749702627191441
0.0
0.0
0.0
0.0
0.0
0.0
0.0
0.48928840885813063
0.0
0.0
0.0
0.0
0.0
164.40649155624996
0.0
0.0
0.0
0.0
0.0
0.5110739135137163
0.0
0.6851251198552855
5.684341886080802e-14
0.8022493990547694
6.252776074688882e-13
0.9098605568876232
5.684341886080802e-14
0.9588721285343906
1.9895196601282805e-13
1.0411443989359777
0.0
0.9795399349491447
2.842170943040401e-14
110.0
41.55
41.55
7.43
0.0
0.0
0.0
0.0
0.6908027860849768
0.0
0.0
0.0
0.0
0.0
0.0
0.0
0.0
0.0
41.905989063125
0.012028340874998378
0.0
0.0
0.0
0.0
0.0
0.0
0.0
0.0
0.0
1.6219664500383146e-15
0.6879898623312921
0.0
0.6763560095140821
2.842170943040401e-14
0.5731317688775968
0.0
1.1999999999999857
1.2
1.6
1.6
1.6
1.6
0.95
0.95
0.95
0.95
1.88
1.88
3.75
2.29
2.29
1.2
0.9
0.9
1.6
0.9
0.9
3.0
1.88
0.0
0.0
0.0
0.0
0.0
0.0
0.0
0.0
0.0
0.0
0.0
0.0
0.0
0.0
0.0
0.0
0.0
0.0
0.0
0.0
0.0
0.0
0.0
0.0
0.0
0.6042177042350527
0.0
223.98208165625002
0.0
0.46644112571728424
0.0
0.0
90.7611818925
0.0
0.0
0.42302003477777017
1.9895196601282805e-13
0.40503801107884696
0.0
0.0
0.0
751.1
0.0
0.0
0.0
0.0
0.0
0.0
0.0
0.0
0.0
0.0
0.0
0.0
0.0
0.0
0.0
-0.17791805321686116
0.0
0.4994792652381461
0.0
0.5286308601545575
0.0
116.040650898125
0.0
0.5827775668902104
0.0
0.0
0.0
0.0
0.0
0.0
0.0
0.0
0.0
0.0
0.0
0.0
0.0
0.0
0.0
0.0
0.0
0.0
0.0
0.5827775668902104
0.0
0.0
0.0
0.0
0.0
0.0
1.35
4.65
0.0
60.023654850625
0.0
0.0
0.0
0.0
0.0
0.0
0.0
0.0
0.0
0.600846729389978
0.0
619.0
0.0
2.459266601515486
0.0
2.8302680159133224
0.0
2.8375801728782193
0.0
40.71
27.07
0.0
0.0
1.276395197507122
0.0
3.0151607410250847
0.0
1.5752945026409026
0.0
-136.45945096331616
-169.13782503477955
-306.25691936226355
-263.7697697305757
249.854159661793
-61.72635117307914
-636.0
983.3055218126174
-636.0
126.47721633709557
163.42467305797436
-250.35605891178056
-256.293763184191
-139.05344490917696
-175.57742855717748
120.80962083994802
37.00766050727043
-82.90307336287856
-46.87072147468143
8.999496840343681
-413.8564201247982
-140.8075107826777
306.52797774355486
27.08857421447283
38.80316890588938
-32.243552786733744
-69.06464772615607
-152.94302970810793
-212.88842051240113
-256.9036640053529
-421.634702499533
134.90312257916958
527.5772436389166
141.09616612998275
39.2116037711711
654.3341502603616
-347.30552181261737
542.8968774208306
200.70254521559707
-104.61214957861642
423.7107550015086
-159.4840481910237
-45.171714713010715
-191.35249880403256
-210.433571849548
9.538109150612627
-51.91868684876192
-220.89671000749217
28.117612031507292
-204.69100493931546
348.6458087326032
-58.811095627898226
-70.0494974350687
-458.7427946521684
-91.47668484699352
-76.07570730109683
-109.3892954017133
-120.83966009321517
-113.09930504450034
-91.32224482275706
-132.45669166082337
-78.93354165904066
-63.806724439852246
-41.57224101395468
-49.200524430335804
-133.78145414352343
-133.78145414352343
-117.64448941022408
-65.76897484111828
26.06070526866347
33.93535093801984
21.810745484279664
0.03368526253643722
-27.792556745718343
8.811178304415648
8.75062037949118
-7.292289447074609
-75.63465668686695
-13.691795187882917
9.024555328812994
5.493481849630257
22.960655143736176
-8.442617965292925
-42.09267082980966
-35.57585039784487
-37.36208556078918
-42.33681444900776
-52.78800777942058
-61.53767841396302
-116.76967654645523
-30.385586255081762
-3.4106583969446547
135.5064714917553
-135.5064714917553
-48.13330343652615
-807.3886033847718
-87.37316805522914
-232.24446905075524
-232.24446905075524
-22.380528870925332
-6.593134000506666
-98.8783488347508
40.468557795273
-152.97342260524943
-55.74064239350446
-38.30159777727238
208.71959130428604
367.9565918795188
-77.59507576671206
77.59507577720365
-77.5950757772033
77.59507577720342
0.0
-23.55909360443377
-110.61637611823403
255.19326340472162
-307.39017110349556
-171.02066899955673
-158.82449099947962
-235.99225478578614
27.721267773585055
-58.177131856599544
-175.11702432693983
-80.88738743286765
-105.36075825413815
-293.9130139095355
-293.9130139095355
-309.0043024016859
-562.525926727373
-266.6533488850713
-371.27795821192234
-308.12629883623225
-954.6302537949214
-1033.8059023419194
129.5355631808627
55.203980486771
-51.43734297740298
107.8464767355144
203.36146063473643
17.12696906858241
472.98025165883746
151.07844848027992
17.12696906858241
205.24906407875517
184.288281986534
160.00584595021598
247.951976526286
-83.59885442230234
49.99810945927675
180.2332905104969
-74.81546537668066
-121.74269316338996
-203.98993081599457
59.97150806535842
-196.99920124343475
89.6006794322899
92.96301741733271
-162.87713554737786
-3.4599308159945394
-9.218583848338085
111.01584145960578
-92.16450057271442
-159.56601544135424
-108.60232186266097
-86.98016320385238
-111.50625813034605
-123.55976037014614
-114.87061097269202
-32.87390073110066
-328.3814688304792
108.76135203026126
-318.5552263726213
101.2208156755047
-11.825779008910445
71.05867025647854
0.0
28.23306640588612
-471.8849032021784
-147.11509679782148
118.23164684694996
61.49160622696388
70.30920158274023
-67.78
119.83431222087495
-192.11603952714643
232.0406473354634
3.141592653589793
0.0
3.004926455386011
5.684341886080802e-14
3.0696342418080693
0.0
0.0
0.0
0.0
0.0
0.0
0.0
0.0
0.0
0.0
0.0
0.0
0.0
2.8082633673622963
0.0
2.783742180865298
0.0
0.0
0.0
0.0
0.0
0.0
0.0
0.0
0.0
0.0
0.0
2.919218180373365
0.0
2.906397895921021
0.0
0.0
0.0
0.0
0.0
0.0
0.0
2.520236168369168
0.0
2.3262561683934155
0.0
636.0
0.0
0.0
0.0
0.0
0.0
0.0
0.0
0.0
0.0
0.0
0.0
0.0
0.0
2.121464168386043
0.0
2.895613719296077
1.2505552149377763e-12
3.0
3.0
1.3
1.3
3.0
1.35
1.35
1.35
0.71
0.71
0.71
1.57
0.65
0.65
0.65
0.65
0.45
0.45
0.45
0.45
1.0
1.0
1.0
1.9
1.9
1.9
1.9
1.9
1.9
1.9
4.6
3.0
3.0
4.6
3.0
0.0
126.98
0.0
0.0
0.0
943.5
140.0
0.0
0.0
0.0
0.0
0.0
0.0
0.0
0.0
0.0
0.0
0.0
0.0
0.0
0.0
0.0
0.0
0.0
0.0
0.0
0.0
0.0
0.0
0.0
0.0
0.0
0.0
0.0
0.0
0.0
0.0
0.0
0.0
0.0
0.0
0.0
0.0
0.0
0.0
0.0
0.0
0.0
0.0
2.84661589261159
0.0
2.9835358387512434
0.0
2.8720432580680146
2.842170943040401e-14
33.43793472749999
0.0
2.778120618573565
7.958078640513122e-12
2.8532153789476205
0.0
2.596853045028494
1.4637180356658064e-12
0.0
0.0
0.0
19.999999999999943
63.301848663125014
0.0
0.0
0.0
0.0
0.0
2.7509986583454076
0.0
62.6
42.61284821375
0.0
0.0
2.764781297009206
0.0
2.81013432040326
2.842170943040401e-14
2.751189169281062
2.842170943040401e-14
2.6022364250734853
0.0
2.262476984908801
1.7053025658242404e-13
62.6
4.6
30.4
0.47662419187499994
1.1481202058125
1.82910371025
0.3290852174375
0.0
0.0
0.0
0.0
0.0
0.0
0.0
0.0
0.0
2.1366532785244248
0.0
154.3999999999999
0.0
607.8405713923642
0.0
0.0
0.0
56.96
0.0
0.0
0.0
0.0
0.0
0.0
0.0
1.9241776530420713
0.0
0.0
677.8
0.0
0.0
0.0
0.0
0.0
0.0
0.0
0.0
0.0
0.0
0.0
0.0
1.873825595634818
2.2737367544323206e-13
0.7081046775000001
0.33605115625000004
0.0
0.0
0.0
0.05325341568749999
0.0
0.0
0.0
0.0
0.0
0.0
2.785042715571562
0.0
2.9063049934109166
1.4210854715202004e-14
2.9436820115137916
0.0
2.343375560507936
0.0
0.3942830645625
1.4950012425
0.0
0.0
2.9090528051326725
0.0
0.8
112.20752034875
0.0
0.0
2.750037927938025
3.865352482534945e-12
2.5404860772634823
0.0
3.0
3.0
3.0
7.5
0.0
0.1
0.4
0.48
0.24
0.49
0.05
0.05
0.0
0.0
0.0
0.0
0.0
0.0
0.0
0.0
0.0
0.0
0.0
0.0
0.0
0.0
2.2463232276469096
0.0
2.2529543226055866
0.0
0.0
0.0
2.16
0.0
0.0
0.0
2.253924371080177
5.684341886080802e-14
2.2270497526015953
0.0
2.095937808648701
1.1368683772161603e-13
2.1650655762853415
4.263256414560601e-14
0.0
0.0
2.109817408421552
3.907985046680551e-14
2.0728840425142554
0.0
0.0
7.43
0.0
0.0
1.9097412776151526
0.0
2.093179664700866
1.4210854715202004e-14
1.8158815400334216
0.0
1.696533887461241
0.0
0.0
7.43
0.0
0.0
1.589310850708543
0.0
1.5079407403951164
5.684341886080802e-14
1.5106260683806
5.3290705182007514e-14
0.0
98.2
0.0
82.0
0.0
0.0
0.0
0.0
1.4773158699588098
0.0
1.4970657466275394
0.0
1.524143294181389
0.0
1.5370377472512278
1.7763568394002505e-14
1.5370926441405555
2.1316282072803006e-14
0.0
0.0
23.482894161875
0.0
0.0
0.0
1.5030005427917867
6.252776074688882e-13
0.0
0.0
22.0
5.8351975859375
0.0
0.0
0.0
0.0
1.4979091768495474
0.0
75.0
75.0
0.0
0.0
0.0
0.0
1.4958411180567728
3.062439191126032e-12
1.5045480380301237
0.0
1.5180835085111068
0.0
97.98
97.98
46.7
0.0
0.0
0.0
1.406613713552467
4.831690603168681e-13
1.3297670920828368
5.684341886080802e-14
97.98
97.98
27.07
0.0
0.0
0.0
1.3139097378962816
3.126388037344441e-13
0.0
97.98
0.0
0.0
1.3127029120127514
4.263256414560601e-14
1.3538419500301524
0.0
1.32649906737747
0.0
636.0
6.91
0.0
0.0
0.0
0.0
0.0
0.0
1.2993977977936542
0.0
596.4
77.0
0.0
0.0
1.2634502272551176
0.0
1.3048413116888815
4.263256414560601e-14
1.2741940191035859
0.0
74.05
74.05
87.71
87.71
27.709472435000002
0.0
0.0
0.0
0.0
0.0
1.3511786880652288
0.0
25.6
0.0
1.8190651762967027
1.0800249583553523e-12
1.846463420842956
2.2737367544323206e-13
0.0
0.0
1.985384097382168
0.0
1.846463420842956
0.0
100.0
0.0
1.7881959445647722
0.0
1.6630188173636098
2.8421709430404007e-13
77.0
60.8
5.84103425375
0.0
0.0
0.0
1.443773270324419
0.0
60.8
41.55
0.0
0.0
0.0
0.0
0.0
0.0
1.1894916976649466
0.0
1.1929189023478184
0.0
1.1785892996245009
0.0
140.0
27.07
80.67
80.67
0.0
0.0
0.0
0.0
1.1038465334103922
0.0
1.2140363405891668
0.0
0.039245495124999995
0.0
0.019250172562499994
0.0
0.0
0.0
0.924962517700652
0.0
0.7189752725544745
0.0
0.3670628718213145
0.0
0.0
0.0
0.0
0.0
0.0
0.0
0.0
0.0
0.16941958593933304
0.0
-1.0016722624576264
0.0
664.384180776148
367.4
0.0
0.0
-3.141592653589793
0.0
0.300079225908783
0.0
336.5
595.0
0.0
0.0
0.2616161769372045
0.0
0.0
0.0
0.0
0.0
0.0
0.0
0.0
0.0
0.4648247111900625
2.2737367544323206e-13
0.0
0.0
0.0
0.0
0.0
0.0
0.4781727535541904
0.0
0.0
0.0
0.0
0.0
171.61101428749998
0.0
0.0
0.0
0.0
0.0
0.49848221514537006
0.0
0.6730557120217879
0.0
0.7904211337112725
2.5579538487363607e-13
0.8995491908277442
5.684341886080802e-14
0.9499241505998599
5.968558980384842e-13
1.0331037334872022
0.0
0.9692993810396864
0.0
110.0
41.55
41.55
7.43
0.0
0.0
0.0
0.0
0.6774993123122899
0.0
0.0
0.0
0.0
0.0
0.0
0.0
0.0
0.0
44.2393232225
0.013570274937500001
0.0
0.0
0.0
0.0
0.0
0.0
0.0
0.0
0.0
0.0
0.6722679252486672
0.0
0.6623843067167083
0.0
0.5601251272994938
0.0
1.2
1.2
1.6
1.6
1.6
1.6
0.95
0.95
0.95
0.95
1.88
1.88
3.75
2.29
2.29
1.2
0.9
0.9
1.6
0.9
0.9
3.0
1.88
0.0
0.0
0.0
0.0
0.0
0.0
0.0
0.0
0.0
0.0
0.0
0.0
0.0
0.0
0.0
0.0
0.0
0.0
0.0
0.0
0.0
0.0
0.0
0.0
0.0
0.5845615718101662
0.0
231.45820200625002
0.0
0.44303430239314645
0.0
0.0
96.0175168525
0.0
0.0
0.3997772540681517
2.842170943040401e-14
0.3836236123551613
0.0
0.0
0.0
751.1
0.0
0.0
0.0
0.0
0.0
0.0
0.0
0.0
0.0
0.0
0.0
0.0
0.0
0.0
0.0
-0.1996431458498864
0.0
0.4752320172209328
2.1316282072803006e-14
0.5039583581790721
0.0
119.8794501
0.0
0.5568343824755564
0.0
0.0
0.0
0.0
0.0
0.0
0.0
0.0
0.0
0.0
0.0
0.0
0.0
0.0
0.0
0.0
0.0
0.0
0.0
0.5568343824755564
0.0
0.0
0.0
0.0
0.0
0.0
1.35
4.65
0.0
62.84806793062502
0.0
0.0
0.0
0.0
0.0
0.0
0.0
0.0
0.0
0.5734778926967277
0.0
619.0
0.0
2.4543738857536415
0.0
2.8229483020216417
5.684341886080802e-14
2.8303393787519013
0.0
40.71
27.07
0.0
0.0
1.2714489291030644
0.0
3.01488842441619
0.0
1.57038142186242
0.0
-136.80300120485094
-169.7132353315394
-307.28303878984303
-264.71487123589486
250.88148059056505
-61.635982947906086
-636.0
986.9139044641133
-636.0
126.96272082585779
164.03451384780692
-249.98891163954795
-256.99766678196875
-139.3864682477997
-175.82942152294316
120.27649719499288
35.9651562325306
-84.04878076372836
-48.165456149072725
7.913053158160096
-414.7999393806904
-142.3444386123915
305.23883828183807
27.956670718704572
38.76326785812739
-33.85614610257289
-69.4289177216225
-153.55953010322582
-213.6851824900932
-255.73924059307865
-422.8741648334126
131.81166859931182
528.1380751582633
141.82722550977428
39.63628642700996
653.2924859718005
-350.91390446411333
545.9883314006884
199.7439284048893
-104.61995884655602
422.8629167455965
-161.43642348490567
-46.363957121471685
-191.02455089227362
-209.90205237591795
9.510279163005634
-52.12187124555953
-220.72980609594714
28.362475500441974
-205.03696852206485
349.6318505847553
-58.475638033266364
-69.78115724555971
-458.2180590352407
-91.31928572618443
-75.83853367765562
-109.33121901354912
-120.84649251120732
-112.99842080705457
-91.10265493204963
-132.46132355826137
-79.07303594863595
-64.07095300244157
-41.63215996183294
-48.9997926980908
-133.8778351791541
-133.8778351791541
-117.85914919438392
-65.96078896063602
26.263133867150827
34.18060162235463
21.929341954104302
0.03357607909936178
-27.944345366222365
8.887430044839675
8.826348052984267
-7.201366254928757
-74.96779828326544
-13.695753593926383
9.01337471038687
5.583799554044958
23.02524890928737
-8.428074644855542
-42.03525043196055
-35.54876673460533
-37.333642048351976
-42.305590039635604
-52.99766997799577
-61.80265044054761
-117.4618828569146
-30.417433274959535
-3.2096433071569663
136.71441326341233
-136.71441326341233
-46.97511000969507
-807.8499096199959
-89.73930325371725
-232.71560689606417
-232.71560689606417
-22.592974657974082
-6.719316516121694
-97.15559606078614
40.779393531760206
-157.5236168129279
-56.42982445220514
-38.93122897841022
208.06667289219376
368.414557661104
-77.17815362863439
77.17815363906948
-77.17815363906925
77.1781536390697
0.0
-23.332752631380117
-110.67117655515449
255.60666334450343
-308.31804726945506
-171.81187342474794
-160.0861291090307
-236.88200086749907
27.638747442409226
-58.72788001735421
-176.5879675263336
-81.56682310120664
-106.1687019747041
-297.8102897051217
-297.8102897051217
-310.1162720569173
-562.0388679760424
-266.60030359425815
-371.32140988846305
-308.33585931221694
-952.1071938405644
-1031.7841807761479
128.0976862494265
53.2928271681584
-54.02113619517263
108.08964587572099
203.8199942190554
15.96655785444591
469.04165986505404
149.82039101315513
15.96655785444591
205.86497272833049
184.77146744529534
160.33527558146625
251.44713616529236
-84.57273781559627
47.09742056878122
183.54777544546585
-75.74175583731596
-124.58069663605443
-206.9646704343163
58.91041019625993
-203.71242837972795
92.09316229412536
93.98822926580237
-165.9393607839089
-6.434670434316331
-7.831710405263834
110.27354591427945
-91.30283876975273
-167.0597208561228
-112.36942296120088
-89.34802361999749
-113.71342630562083
-126.04555147973753
-114.43663580192276
-29.531337685336666
-327.5521310837552
107.33252228941137
-318.7250044651466
99.7442394316007
-15.293540723898332
69.39110800035792
0.0
26.00548472057983
-473.35268859048165
-145.64731140951835
119.13459816821864
61.129100094054365
71.06804548043146
-67.78
120.19466557711792
-192.59333784011915
232.73557266525313
3.141592653589793
0.0
3.004598556203753
0.0
3.069400112963323
0.0
0.0
0.0
0.0
0.0
0.0
0.0
0.0
0.0
0.0
0.0
0.0
0.0
2.8071279893585457
5.684341886080802e-14
2.7825279075937113
9.094947017729282e-13
0.0
0.0
0.0
0.0
0.0
0.0
0.0
0.0
0.0
0.0
2.918537432254336
0.0
2.9057359414155304
0.0
0.0
0.0
0.0
0.0
0.0
0.0
2.518094134622938
0.0
2.3241141346471856
0.0
636.0
0.0
0.0
0.0
0.0
0.0
0.0
0.0
0.0
0.0
0.0
0.0
0.0
0.0
2.119322134639813
0.0
2.894802197816748
3.240074875066057e-12
2.999999999996305
3.0
1.3
1.3
3.0
1.35
1.35
1.35
0.71
0.71
0.71
1.57
0.65
0.65
0.65
0.65
0.45
0.45
0.45
0.45
1.0
1.0
1.0
1.9
1.9
1.9
1.9
1.9
1.9
1.9
4.6
3.0
3.0
4.6
3.0
0.0
126.98
0.0
0.0
0.0
943.5
140.0
0.0
0.0
0.0
0.0
0.0
0.0
0.0
0.0
0.0
0.0
0.0
0.0
0.0
0.0
0.0
0.0
0.0
0.0
0.0
0.0
0.0
0.0
0.0
0.0
0.0
0.0
0.0
0.0
0.0
0.0
0.0
0.0
0.0
0.0
0.0
0.0
0.0
0.0
0.0
0.0
0.0
0.0
2.8458731377232525
0.0
2.982360276922277
0.0
2.8706051929371794
0.0
35.042477927499995
0.0
2.774293574897655
3.069544618483633e-12
2.851595893549618
0.0
2.592562990272425
4.001776687800884e-11
0.0
0.0
0.0
19.999999999999943
66.30802371562501
0.0
0.0
0.0
0.0
0.0
2.7461449008317125
0.0
62.6
44.51292510375
0.0
0.0
2.7603486664924084
1.3983481039758772e-11
2.805591707599458
0.0
2.7463029097810523
5.684341886080802e-14
2.596723140171825
0.0
2.2556613006285673
0.0
62.6
4.6
30.4
0.41986664137499996
0.9970410755625001
1.7746642394999999
0.29926192868750023
0.0
0.0
0.0
0.0
0.0
0.0
0.0
0.0
0.0
2.130488519687373
0.0
154.4
0.0
612.8464001427325
0.0
0.0
0.0
56.96
0.0
0.0
0.0
0.0
0.0
0.0
0.0
1.9163156688223149
0.0
0.0
677.8
0.0
0.0
0.0
0.0
0.0
0.0
0.0
0.0
0.0
0.0
0.0
0.0
1.867184249747634
0.0
0.64922342125
0.2410773475
0.0
0.0
0.0
0.0034196826875
0.0
0.0
0.0
0.0
0.0
0.0
2.7779999131509694
5.6274984672199935e-12
2.899896264854439
0.0
2.937695822389543
0.0
2.339482248562298
1.8189894035458565e-11
0.3307995203125
1.3736999282500002
0.0
0.0
2.9030777797674014
0.0
0.8
119.73932343375
0.0
0.0
2.742121025889186
0.0
2.5370787793175325
0.0
3.0
3.0
3.0
7.5
0.0
0.1
0.4
0.48
0.24
0.49
0.05
0.05
0.0
0.0
0.0
0.0
0.0
0.0
0.0
0.0
0.0
0.0
0.0
0.0
0.0
0.0
2.2432106627131514
0.0
2.2499061707758488
0.0
0.0
0.0
2.16
0.0
0.0
0.0
2.250873475528361
2.842170943040401e-14
2.2239074681731132
0.0
2.0924458047175456
0.0
2.1622819467712144
0.0
0.0
0.0
2.107137618653738
2.842170943040401e-14
2.0703241400247956
1.4210854715202004e-14
0.0
7.43
0.0
0.0
1.9072052837082065
7.105427357601002e-14
2.090460069314787
0.0
1.813462869160623
0.0
1.6941366877978883
0.0
0.0
7.43
0.0
0.0
1.5867590096839033
0.0
1.5050962143793063
5.684341886080802e-14
1.507967491215818
6.750155989720952e-14
0.0
98.2
0.0
82.0
0.0
0.0
0.0
0.0
1.4745664085590322
0.0
1.4944405128729592
0.0
1.5216660724271067
0.0
1.5346188337341555
6.394884621840902e-14
1.5346541408698204
0.0
0.0
0.0
25.150141989375
0.0
0.0
0.0
1.5003741591305086
2.0037305148434825e-12
0.0
0.0
22.0
6.1926101961875
0.0
0.0
0.0
0.0
1.4953507721535226
0.0
75.0
75.0
0.0
0.0
0.0
0.0
1.493283187752029
1.0942358130705543e-12
1.5020035069809134
7.993605777301127e-14
1.5156023904698124
7.993605777301127e-14
97.98
97.98
46.7
0.0
0.0
0.0
1.4041878406484773
1.5631940186722204e-12
1.3270890194862552
0.0
97.98
97.98
27.07
0.0
0.0
0.0
1.3111464171372376
9.947598300641403e-13
0.0
97.98
0.0
0.0
1.3100113238099773
0.0
1.3510089324599637
0.0
1.3234550940216971
0.0
636.0
6.91
0.0
0.0
0.0
0.0
0.0
0.0
1.2957190234246765
9.947598300641403e-13
596.4
77.0
0.0
0.0
1.2603340537541534
0.0
1.3020163384303185
2.1316282072803006e-14
1.269905331879042
1.7053025658242404e-13
74.05
74.05
87.71
87.71
29.1140011375
0.0
0.0
0.0
0.0
0.0
1.346688183547724
0.0
25.6
0.0
1.8150215348517698
5.684341886080801e-13
1.8422367911418114
0.0
0.0
0.0
1.9802296399032642
3.410605131648481e-13
1.8422367911418114
0.0
100.0
0.0
1.7845254523657177
0.0
1.6590138786472863
0.0
77.0
60.8
6.19880436675
0.0
0.0
0.0
1.4392433594253413
0.0
60.8
41.55
0.0
0.0
0.0
0.0
0.0
0.0
1.1839703338901835
0.0
1.1873916831530558
0.0
1.172943587429117
0.0
140.0
27.07
80.67
80.67
0.0
0.0
0.0
0.0
1.0976894063533047
0.0
1.209087819717463
0.0
0.034095765874999996
0.0
0.016420145812499995
0.0
0.0
0.0
0.9187056617994696
0.0
0.7129054755047002
0.0
0.36109073142027137
0.0
0.0
0.0
0.0
0.0
0.0
0.0
0.0
0.0
0.16333826725972767
0.0
-1.0051295405770242
0.0
662.717219291543
367.4
0.0
0.0
-3.141592653589793
0.0
0.2927716792227253
0.0
336.5
595.0
0.0
0.0
0.2526936344980366
0.0
0.0
0.0
0.0
0.0
0.0
0.0
0.0
0.0
0.4563489897992148
1.1368683772161603e-13
0.0
0.0
0.0
0.0
0.0
0.0
0.4688221377727402
0.0
0.0
0.0
0.0
0.0
177.7141753625
0.0
0.0
0.0
0.0
0.0
0.48780042033874516
0.0
0.6627601943449295
0.0
0.7802639629343444
3.979039320256561e-13
0.8907383461244507
0.0
0.9422999262123053
4.831690603168681e-13
1.0262353863491107
0.0
0.960433482887062
0.0
110.0
41.55
41.55
7.43
0.0
0.0
0.0
0.0
0.6659113982221165
0.0
0.0
0.0
0.0
0.0
0.0
0.0
0.0
0.0
46.433520795
0.01588048418749821
0.0
0.0
0.0
0.0
0.0
0.0
0.0
0.0
0.0
1.790234627208065e-15
0.6585366956932979
0.0
0.650340275842229
4.263256414560601e-14
0.5490312035088758
0.0
1.2
1.2
1.6
1.6
1.6
1.6
0.95
0.95
0.95
0.95
1.88
1.88
3.75
2.29
2.29
1.2
0.9
0.9
1.6
0.9
0.9
3.0
1.88
0.0
0.0
0.0
0.0
0.0
0.0
0.0
0.0
0.0
0.0
0.0
0.0
0.0
0.0
0.0
0.0
0.0
0.0
0.0
0.0
0.0
0.0
0.0
0.0
0.0
0.5672617271088658
0.0
238.47112205625
0.0
0.4222552908146242
2.842170943040401e-14
0.0
100.81774465749999
0.0
0.0
0.3791939371155073
0.0
0.36471637864221407
0.0
0.0
0.0
751.0999999999999
0.0
0.0
0.0
0.0
0.0
0.0
0.0
0.0
0.0
0.0
0.0
0.0
0.0
0.0
0.0
-0.21882697614312985
0.0
0.4537910075620122
0.0
0.4821531823058507
0.0
123.044085825
0.0
0.5339302928648455
2.842170943040401e-14
0.0
0.0
0.0
0.0
0.0
0.0
0.0
0.0
0.0
0.0
0.0
0.0
0.0
0.0
0.0
0.0
0.0
0.0
0.5339302928648455
0.0
0.0
0.0
0.0
0.0
0.0
1.35
4.65
0.0
65.63814480312502
0.0
0.0
0.0
0.0
0.0
0.0
0.0
0.0
0.0
0.5491435099323407
0.0
619.0
0.0
2.4496154993651764
1.1368683772161603e-13
2.8155657477367697
0.0
2.8230332700725747
0.0
40.71
27.07
0.0
0.0
1.2671602418785206
0.0
3.0146290050315416
0.0
1.5661821481616354
0.0
-137.13122861451825
-170.265426003102
-308.2717012939814
-265.6224123718339
251.8694901324186
-61.54562903665965
-636.0
990.3886627960483
-636.0
127.43344251830354
164.62505899781536
-249.6380616855331
-257.6711338371351
-139.70435952504386
-176.06706970781852
119.77849398074375
34.981690543001605
-85.13367513650132
-49.3905733516267
6.861817535398814
-415.85946130304274
-143.82726446374863
304.1225951973172
28.810883694191034
38.669265903421774
-35.393168541377236
-69.83368414841152
-154.2059480430397
-214.50430159610085
-254.41622139975152
-424.18203975781626
128.6162802942938
528.6406406792103
142.5688323682159
40.0843664187413
652.2699529550764
-354.38866279604827
549.1837197057062
198.66589218661545
-104.58623147804735
421.90782761415153
-163.40787189384997
-47.52170497322777
-190.68713471063404
-209.36761286860815
9.483379926952352
-52.311272852726916
-220.5431768582967
28.59258513458076
-205.3531333594874
350.56443592533515
-58.13728434048335
-69.50586280470338
-457.4748960454003
-91.1476497818644
-75.59235856814018
-109.25264204040207
-120.82878245008715
-112.87579468102683
-90.86888363659119
-132.4374931371313
-79.18707825046363
-64.30141362540905
-41.68863411005623
-48.84768931243889
-133.94392418621806
-133.94392418621806
-118.04853722471921
-66.14075774282298
26.428330203843416
34.37931669205932
22.02850562282333
0.021594578387748697
-28.09834568633096
8.930017497601739
8.86864280848406
-7.105214960368926
-74.25100920950536
-13.692611929818668
9.027245575323718
5.644025453573363
23.104764709931146
-8.433493681034065
-41.94780570571095
-35.49615422434509
-37.27838790578255
-42.24417586352513
-53.17160080046892
-62.02761567726077
-118.09335072696581
-30.44152526460448
-3.0188652319802713
137.76919219133174
-137.76919219133174
-45.92789882775469
-808.0393319707355
-91.84129336357705
-233.11464073855063
-233.11464073855063
-22.7877385562133
-6.8333208373082925
-95.63505317409545
41.0662903223099
-161.3355721602161
-57.02232931242031
-39.46858796534809
207.5212207489958
368.76641834816746
-76.66269375213062
76.6626937624959
-76.66269376249602
76.66269376249568
0.0
-23.05070482648955
-110.6437278114579
256.0046680995474
-309.14180716414046
-172.48177401645137
-161.10678183898835
-237.64059269268853
27.59152631337497
-59.2135070691121
-177.89881965477207
-82.17231194152772
-106.89514353939029
-301.0767929092117
-301.0767929092117
-310.9785137060355
-561.5284754756926
-266.52632128461147
-371.32919477348446
-308.50618423971633
-949.9738275314039
-1030.1172192915428
126.89550192932916
51.65050129552469
-56.2893886573695
108.32731664609635
204.26815976397393
14.920033463601612
465.5579918103349
148.7076444177499
14.920033463601612
206.32048821153853
185.10350797041724
160.52427407869686
254.54926997492248
-85.3788352499912
44.51748002822501
186.46255840168396
-76.50323344041442
-127.08881802074058
-209.60097481928818
57.87670350191502
-209.87459868726205
94.26248645464466
94.84232785289828
-168.65742302019078
-9.070974819288153
-6.494785935531695
109.53628476209144
-90.45452887340736
-173.8570830396975
-115.82421807036849
-91.54446735557178
-115.73402461419084
-128.30581530396887
-113.91892515135487
-26.46720013544723
-326.7873842753835
106.11247576527796
-318.8761501374307
98.47977340980435
-18.38468518554737
67.9489639879099
0.0
23.770651667961147
-474.90860763488
-144.0913923651201
120.00771542954726
60.77376101352593
71.80309937987442
-67.78
120.53990522261688
-192.99736067683648
233.34336163266607
3.141592653589793
0.0
3.0042989023893654
0.0
3.069185619674222
2.8421709430404007e-13
0.0
0.0
0.0
0.0
0.0
0.0
0.0
0.0
0.0
0.0
0.0
0.0
2.806087809339786
0.0
2.7814151521778765
0.0
0.0
0.0
0.0
0.0
0.0
0.0
0.0
0.0
0.0
0.0
2.9179140492705073
0.0
2.905130162260728
5.684341886080802e-14
0.0
0.0
0.0
0.0
0.0
0.0
2.5161288258110375
0.0
2.322148825835285
0.0
636.0
0.0
0.0
0.0
0.0
0.0
0.0
0.0
0.0
0.0
0.0
0.0
0.0
0.0
2.1173568258279123
0.0
2.8940615745522074
2.2509993868879974e-11
2.999999999989484
3.0
1.3
1.3
3.0
1.35
1.35
1.35
0.71
0.71
0.71
1.57
0.65
0.65
0.65
0.65
0.45
0.45
0.45
0.45
1.0
1.0
1.0
1.9
1.9
1.9
1.9
1.9
1.9
1.9
4.6
3.0
3.0
4.6
3.0
0.0
126.98
0.0
0.0
0.0
943.5
140.0
0.0
0.0
0.0
0.0
0.0
0.0
0.0
0.0
0.0
0.0
0.0
0.0
0.0
0.0
0.0
0.0
0.0
0.0
0.0
0.0
0.0
0.0
0.0
0.0
0.0
0.0
0.0
0.0
0.0
0.0
0.0
0.0
0.0
0.0
0.0
0.0
0.0
0.0
0.0
0.0
0.0
0.0
2.8451940607336024
0.0
2.981298736769448
0.0
2.8693042765026275
8.526512829121202e-14
36.2703133975
0.0
2.7708462412101342
6.707523425575346e-12
2.8500937384794023
2.842170943040401e-14
2.5885719746253706
0.0
0.0
0.0
0.0
20.0
68.95072920562501
0.0
0.0
0.0
0.0
0.0
2.7417255984300937
0.0
62.6
46.176873208749996
0.0
0.0
2.7563467546631255
0.0
2.801384518498221
7.105427357601002e-14
2.741705274946196
0.0
2.5914648682457972
0.0
2.249068795957802
0.0
62.6
4.6
30.4
0.377354717375
0.8877575260625
1.71087013525
0.27754793018749985
3.875000000000272e-7
0.0
0.0
0.0
0.0
0.0
0.0
1.6653345369377348e-16
0.0
2.124699012134502
0.0
154.4
0.0
617.8292212111616
0.0
0.0
0.0
56.96
0.0
0.0
0.0
0.0
0.0
0.0
0.0
1.9086392835767505
0.0
0.0
677.8
0.0
0.0
0.0
0.0
0.0
0.0
0.0
0.0
0.0
0.0
0.0
0.0
1.8607694370823076
0.0
0.5998664874999999
0.18875613725
6.23725e-5
1.1499249999999997e-5
1.3745437500000432e-5
7.692143750000213e-5
0.0
0.0
0.0
0.0
0.0
0.0
2.7708539695609
3.410605131648481e-13
2.893390573383803
0.0
2.9316429330350733
2.842170943040401e-14
2.3359076254745927
2.8421709430404007e-12
0.29099640781249997
1.2718469885
0.0
0.0
2.897058295212126
0.0
0.8
127.62141228375
0.0
0.0
2.734113804706209
0.0
2.5341048674906936
0.0
2.999999999995751
3.0
3.0
7.5
0.0
0.1
0.4
0.48
0.24
0.49
0.05
0.05
0.0
0.0
0.0
0.0
0.0
0.0
0.0
0.0
0.0
0.0
0.0
0.0
0.0
0.0
2.24061035904864
0.0
2.247364316616766
0.0
0.0
0.0
2.16
0.0
0.0
0.0
2.2483288926505702
0.0
2.221283072664951
2.2737367544323206e-12
2.0895098066036795
1.1368683772161603e-13
2.1600345948005035
2.842170943040401e-14
0.0
0.0
2.1050155460048767
0.0
2.068335106300074
0.0
0.0
7.43
0.0
0.0
1.905310081579219
0.0
2.0883154396665606
1.0658141036401503e-14
1.811740297368102
0.0
1.6924897204914675
2.842170943040401e-14
0.0
7.43
0.0
0.0
1.5850231894700322
2.1316282072803006e-14
1.5031451946013394
0.0
1.5061367737298248
2.842170943040401e-14
0.0
98.2
0.0
82.0
0.0
0.0
0.0
0.0
1.4726547369681633
0.0
1.4926038262888799
0.0
1.5199142749293992
0.0
1.5329053157169517
1.0658141036401503e-14
1.5328850585109324
0.0
0.0
0.0
27.046727479375
0.0
0.0
0.0
1.4984091526970733
2.8848035071860068e-12
0.0
0.0
22.0
6.5659417046875
0.0
0.0
0.0
0.0
1.4934621204602463
0.0
75.0
75.0
0.0
0.0
0.0
0.0
1.4913968337375358
2.3447910280083306e-13
1.5001750391383482
0.0
1.5138204054302955
9.414691248821327e-14
97.98
97.98
46.7
0.0
0.0
0.0
1.402556669023725
5.684341886080801e-13
1.3252980278752187
0.0
97.98
97.98
27.07
0.0
0.0
0.0
1.3092839758001888
3.126388037344441e-13
0.0
97.98
0.0
0.0
1.3082145349550114
7.815970093361102e-13
1.3490739500547058
0.0
1.3213626967042682
0.0
636.0
6.91
0.0
0.0
0.0
0.0
0.0
0.0
1.2931298000895364
5.201172825763933e-12
596.4
77.0
0.0
0.0
1.2581758529988178
0.0
1.300109796091192
0.0
1.2669227730884147
0.0
74.05
74.05
87.71
87.71
30.229787175000002
0.0
0.0
0.0
0.0
0.0
1.3435716066828585
0.0
25.6
0.0
1.8121018381222163
0.0
1.8390695165647646
0.0
0.0
0.0
1.9758070410293742
5.684341886080801e-13
1.8390695165647646
0.0
100.0
0.0
1.7821161804505072
0.0
1.6563503202208079
2.8421709430404007e-13
77.0
60.8
6.57250930075
0.0
0.0
0.0
1.4362132523461533
5.684341886080802e-14
60.8
41.55
0.0
0.0
0.0
0.0
0.0
0.0
1.180283888137966
0.0
1.1837083084036353
0.0
1.169170891371273
1.4210854715202004e-14
140.0
27.07
80.67
80.67
0.0
0.0
0.0
0.0
1.093507858008012
0.0
1.205681841538647
0.0
0.030539809624999997
2.8418312499996906e-5
0.018593903812499996
0.0
3.0899761915836876e-18
0.0
0.9146885952980313
0.0
0.7090916557222271
0.0
0.3574219181043956
0.0
0.0
0.0
0.0
0.0
0.0
0.0
0.0
0.0
0.15960142498629715
2.2737367544323206e-13
-1.007156885165787
0.0
661.7397146683168
367.4
0.0
0.0
-3.141592653589793
0.0
0.2882563616148377
8.526512829121202e-14
336.5
595.0
0.0
0.0
0.24696387152021604
0.0
0.0
0.0
0.0
0.0
0.0
0.0
0.0
0.0
0.4510618214741702
0.0
0.0
0.0
0.0
0.0
0.0
0.0
0.4628225590376278
0.0
0.0
0.0
0.0
0.0
181.8910388375
0.0
0.0
0.0
0.0
0.0
0.48071688700821547
0.0
0.6558202231310344
0.0
0.7732754435376576
9.947598300641403e-14
0.8847941400438311
2.842170943040401e-14
0.9372208499132135
7.105427357601002e-13
1.0216305072963205
0.0
0.95418705005833
0.0
110.0
41.55
41.55
7.43
0.0
0.0
0.0
0.0
0.6575551711478007
0.0
0.0
0.0
0.0
0.0
0.0
0.0
0.0
0.0
48.4228731125
0.019556881687499583
0.0
0.0
0.0
0.0
0.0
0.0
0.0
0.0
0.0
4.198030811863873e-16
0.6485328891010171
0.0
0.6419243419919569
0.0
0.541540673685327
7.105427357601002e-14
1.2
1.2
1.6
1.6
1.6
1.6
0.95
0.95
0.95
0.95
1.88
1.88
3.75
2.29
2.29
1.2
0.9
0.9
1.6
0.9
0.9
3.0
1.88
0.0
0.0
0.0
0.0
0.0
0.0
0.0
0.0
0.0
0.0
0.0
0.0
0.0
0.0
0.0
0.0
0.0
0.0
0.0
0.0
0.0
0.0
0.0
0.0
0.0
0.5543435120449525
0.0
244.63158373125
0.0
0.40634303632668
0.0
0.0
104.9056279825
0.0
0.0
0.36351901551666277
1.5631940186722204e-13
0.3504567106116494
0.0
0.0
0.0
751.1
0.0
0.0
0.0
0.0
0.0
0.0
0.0
0.0
0.0
0.0
0.0
0.0
0.0
0.0
0.0
-0.2332979185999111
0.0
0.4375293772562707
2.842170943040401e-14
0.46563988373833265
0.0
124.9847125
0.0
0.5166314282791076
0.0
0.0
0.0
0.0
0.0
0.0
0.0
0.0
0.0
0.0
0.0
0.0
0.0
0.0
0.0
0.0
0.0
0.0
0.0
0.5166314282791076
0.0
0.0
0.0
0.0
0.0
0.0
1.35
4.65
0.0
68.40131558312501
0.0
0.0
0.0
0.0
0.0
0.0
0.0
0.0
0.0
0.5303903729074255
0.0
619.0
0.0
2.445105874594873
0.0
2.808073325174057
0.0
2.8156151874151476
5.684341886080802e-14
40.71
27.07
0.0
0.0
1.2641776830878932
0.0
3.014392318164589
0.0
1.5633929537445193
0.0
-137.43118238267397
-170.77130640191473
-309.1811674226773
-266.454136563229
252.77573537694445
-61.460995243257344
-636.0
993.5817466764111
-636.0
127.86884477731348
165.17070731355852
-249.32405007896705
-258.2870805500817
-139.99472433788787
-176.2826515750519
119.33948318968226
34.102143944839554
-86.10985907054214
-50.49130014797697
5.8749133623767875
-417.1035847799885
-145.209197044009
303.2745026139378
29.657517715186373
38.49381524363275
-36.80072727682
-70.29357311634465
-154.8870172091613
-215.34344168711732
-252.7841134367144
-425.5368904763154
125.31373427288008
528.9660650077262
143.31766525626585
40.56453833405453
651.1967762555723
-357.58174667641106
552.4862657271196
197.3680873829212
-104.48531063456505
420.6808401795033
-165.42587862169466
-48.66246999672285
-190.30657051394405
-208.80016017031335
9.456627782752207
-52.47735202595709
-220.29703860571203
28.800498517890787
-205.60942956847066
351.3953762073156
-57.78158289006353
-69.20686110275835
-456.29225720486085
-90.94057652260835
-75.31917802580256
-109.12866907872922
-120.75927756436221
-112.70380696476974
-90.59781045618053
-132.35358138788484
-79.25260399341698
-64.47086210107466
-41.73884430694625
-48.784732213082634
-133.9490230908255
-133.9490230908255
-118.1908513561425
-66.30106290100957
26.528044308614653
34.49601311042602
22.093606780137293
-0.012389728451921656
-28.258939190048523
8.911562534778795
8.850314683890295
-6.997216742322848
-73.4274236707297
-13.67739551403838
9.087169148726389
5.650158842762494
23.2128071270522
-8.475479135563432
-41.80221704077985
-35.394487933612005
-37.17161703142426
-42.124861651964466
-53.281821480662984
-62.18179548546675
-118.6226079566602
-30.451859032748303
-2.84425756687142
138.55626675219037
-138.55626675219037
-45.06985412474478
-807.6876334121763
-93.48641262744559
-233.38289880656453
-233.38289880656453
-22.95352383160116
-6.927127234026102
-94.47012728260461
41.31422964863009
-163.79391875701208
-57.44189629834045
-39.8404723091636
207.1590097375008
368.92144207675847
-75.96529136503409
75.9652913753049
-75.96529137530536
75.96529137530479
0.0
-22.664896198875567
-110.46206944047185
256.3759946883672
-309.7681286204183
-172.9252460928384
-161.67100846012795
-238.1522922053523
27.616292464966477
-59.579578005297435
-178.9196497435364
-82.64383822065665
-107.47589962933114
-303.1729284945129
-303.1729284945129
-311.36611130198776
-560.9739141689188
-266.41646790082183
-371.2771829430485
-308.61231365864563
-948.5839920153812
-1029.1397146683166
126.13229081708778
50.49852400971213
-57.99507035668694
108.56273933373576
204.71208619601043
14.06786790118008
462.87725843836597
147.85136968491284
14.06786790118008
206.48978316039756
185.16364337158348
160.45795142458974
256.9555218548038
-85.87198247739775
42.513687957001366
188.65984620062295
-76.95647830944097
-129.00074809794512
-211.62751789161342
56.88678036247711
-215.0733697140447
95.84407654893289
95.37814395049702
-170.7565145082935
-11.097517891613393
-5.236566647159407
108.80820516799872
-89.62827527807889
-179.4083372720729
-118.72051605825345
-93.43464375959218
-117.43045940496
-130.1642700804805
-113.29106036525877
-23.879899279217852
-326.1294721759335
105.27789723465742
-318.9916006435532
97.60592527868948
-20.800928716424096
66.91803745481764
0.0
21.4983509817464
-476.63156153261383
-142.3684384673861
120.84888964561162
60.40650181340084
72.51790616143717
-67.78
120.85589816740776
-193.25855816256842
233.7862157908578
