3.0278120785738705
0.0
2.8695503953473964
0.0
2.952339144026501
0.0
0.0
0.0
0.0
0.0
0.0
0.0
0.0
0.0
0.0
0.0
3.11
1.75
-0.0
-0.0
-0.0
1.0
1.0
-0.0
-0.0
-0.0
-0.0
-0.0
0.0
0.0
0.0
0.0
0.0
2.6835017282212683
0.0
2.658865976590324
2.9558577807620168e-12
0.0
0.0
0.0
0.0
0.0
0.0
0.0
0.0
0.0
0.0
-0.0
-0.0
-0.0
-0.0
-0.0
-0.0
-0.0
-0.0
-0.0
-0.0
0.0
0.0
0.0
0.0
0.0
2.7891095560868466
0.0
2.7679315688778408
0.0
0.0
0.0
0.0
0.0
0.0
0.0
-0.0
-0.0
-0.0
-0.0
-0.0
0.0
0.0
0.0
0.0
2.3999967967280322
0.0
2.2060167967522797
0.0
636.0
0.0
0.0
0.0
0.0
0.0
0.0
0.0
0.0
0.0
0.0
0.0
0.0
0.0
-0.0
-0.0
-0.0
-0.0
-0.0
-0.0
-0.0
-0.0
0.0
0.0
0.0
0.0
2.001224796744907
0.0
2.7597355291962864
0.0
3.0
3.0
1.3
1.3
3.0
1.35
1.35
1.35
0.71
0.71
0.71
1.57
0.65
0.6499999999999994
0.65
0.65
0.45
0.45
0.45
0.45
1.0
1.0
1.0
1.9
1.9
1.9
1.9
1.9
1.9
1.9
4.6
3.0
3.0
4.6
3.0
0.0
126.98
310.0
0.0
0.0
943.5
140.0
0.0
0.0
0.0
0.0
0.0
0.0
0.0
0.0
0.0
0.0
0.0
0.0
0.0
0.0
0.0
0.0
0.0
0.0
0.0
0.0
0.0
0.0
0.0
0.0
0.0
0.0
0.0
0.0
0.0
0.0
0.0
0.0
0.0
0.0
0.0
0.0
0.0
0.0
0.0
0.0
0.0
0.0
2.690699796755241
0.0
2.868781236410497
0.0
2.737166688911848
0.0
41.1762338725
0.0
2.6852674293292513
0.0
2.7222493696863106
0.0
2.493362910958113
1.6626700016786344e-12
0.0
0.0
0.0
20.0
67.7310787234375
0.0
0.0
0.0
0.0
0.0
-0.0
-0.0
-0.0
-0.0
0.0
0.0
2.6635093711563496
0.0
62.6
49.347691368125005
0.0
0.0
2.6777518496043675
0.0
2.727073956652532
0.0
2.6620468422154993
0.0
2.4981831556546283
0.0
2.124654620496905
3.446132268436486e-12
62.6
4.6
30.4
0.2659740613750001
0.7612289623125
0.6865417755000001
0.28153593234374996
0.08482358978125001
0.0
0.0
0.0
0.0
0.0
0.0
5.551115123125783e-17
0.0
1.9855989372942526
0.0
154.4
0.0
672.3
0.0
0.0
0.0
0.0
0.0
0.0
0.0
0.0
0.0
0.0
0.0
0.0
-0.0
-0.0
-0.0
-0.0
-0.0
0.0
0.0
0.0
1.7947830807596918
0.0
0.0
677.8
0.0
0.0
0.0
0.0
0.0
0.0
0.0
0.0
0.0
0.0
0.0
0.0
-0.0
-0.0
-0.0
-0.0
-0.0
-0.0
-0.0
-0.0
-0.0
-0.0
0.0
0.0
0.0
0.0
0.0
1.7499389200274482
0.0
0.7505243941874999
0.35557888953125005
1.1327134970312498
1.0510747323124998
1.1849748095937493
0.25512868237499997
0.0
0.0
0.0
0.0
6.661338147750939e-16
0.0
2.6615415567610157
1.7337242752546445e-12
2.793240880984321
0.0
2.832726957569259
0.0
2.231888861704136
0.0
9.99516766634375
2.4180689695625
0.0
0.0
2.7941793061721008
0.0
0.8
267.67669371875
0.0
0.0
2.6018580305332426
0.0
2.4414564834323955
0.0
3.0
3.0
3.0
7.5
0.0
0.1
0.4
0.48
0.23999999999999996
0.49
0.05
0.05
0.0
0.0
0.0
0.0
0.0
0.0
0.0
0.0
0.0
0.0
0.0
0.0
0.0
0.0
-0.0
-0.0
0.0
2.1411859368211434
0.0
2.1474648962280685
0.0
0.0
0.0
2.16
0.0
0.0
0.0
-0.0
-0.0
0.0
2.148479346418876
0.0
2.1217211383351295
1.3926637620897964e-12
1.99048576596768
0.0
2.0565271471679463
0.0
0.0
0.0
0.0
-0.0
0.0
1.9998008375447354
0.0
1.9615559770247812
0.0
0.0
7.43
0.0
0.0
0.0
-0.0
0.0
1.795859749785258
0.0
1.9833512038290937
0.0
1.700161621863764
0.0
1.5789631901036736
0.0
0.0
7.43
0.0
0.0
1.4715920117204655
0.0
1.3916767898861682
0.0
1.3916820384232953
0.0
0.0
98.2
0.0
82.0
0.0
0.0
0.0
0.0
-0.0
-0.0
0.0
1.3582632767165472
0.0
1.3713617078774474
0.0
1.3897405021936613
0.0
1.4000489790085986
0.0
1.3935508389715585
0.0
0.0
0.0
88.3313797334375
0.0
0.0
0.0
-0.0
-0.0
-0.0
-0.0
0.0
0.0
1.3551768908823856
2.3732127374387346e-12
0.0
0.0
22.0
10.6026560630625
0.0
0.0
0.0
0.0
-0.0
-0.0
-0.0
-0.0
0.0
0.0
1.352869152760722
0.0
75.0
75.0
0.0
0.0
0.0
0.0
-0.0
-0.0
0.0
1.3508408742309985
9.059419880941277e-13
1.3674851867077642
0.0
1.379051561346006
0.0
97.98
97.98
46.7
0.0
0.0
0.0
1.2827351663372064
5.968558980384842e-13
1.2170728931631796
0.0
97.98
97.98
27.07
0.0
0.0
0.0
1.2022087575659663
0.0
0.0
97.98
0.0
0.0
-0.0
-0.0
0.0
1.201156480444131
8.482103908136196e-13
1.240644179521228
0.0
1.2188353780632621
0.0
636.0
6.91
0.0
0.0
0.0
0.0
0.0
0.0
-0.0
-0.0
-0.0
-0.0
0.0
0.0
1.2046400557370254
0.0
596.4
77.0
0.0
0.0
1.156712752827505
0.0
1.1955402504893498
0.0
1.1931896732758622
0.0
74.05
74.05
87.71
87.71
43.680498288125
0.0
0.0
0.0
0.0
0.0
1.2525382940533727
0.0
320.0
0.0
1.6091723206851745
2.4868995751603507e-13
1.6416465488544
0.0
0.0
0.0
1.8063046071377145
2.842170943040401e-14
1.6416465488544
0.0
100.0
0.0
1.6689662910334708
0.0
1.5563615158943664
6.252776074688882e-13
77.0
60.8
9.830470603656249
0.0
0.0
0.0
1.3679309002785756
0.0
60.8
41.55
0.0
0.0
0.0
0.0
0.0
0.0
-0.0
-0.0
-0.0
-0.0
0.0
0.0
1.166724184446452
0.0
1.1720186770227083
0.0
1.161738715511325
0.0
140.0
27.07
80.67
80.67
0.0
0.0
0.0
0.0
1.0992749562886335
0.0
1.1600239865074307
0.0
4.23286776484375
27.7168443719375
1.95754098096875
0.0
0.0
0.0
0.9741581629372374
0.0
0.7860129926485301
0.0
0.45844493089392707
0.0
0.0
0.0
0.0
0.0
0.0
0.0
0.0
0.0
-0.0
0.0
0.0
0.0
-0.0
-0.0
-0.0
-0.0
0.0
0.0
0.0
0.0
0.26993778086115544
0.0
-0.9323988634158155
0.0
688.3
376.88504819912646
0.0
0.0
-3.141592653589793
0.0
0.43151628424613936
0.0
336.5
595.0
0.0
0.0
0.40161867381454136
0.0
0.0
0.0
0.0
0.0
0.0
0.0
0.0
0.0
-0.0
-0.0
-0.0
-0.0
0.0
-0.0
0.6205777840669369
0.0
0.0
0.0
0.0
0.0
0.0
0.0
-0.0
-0.0
-0.0
-0.0
-0.0
-0.0
0.0
0.0
0.0
0.6293001317190468
0.0
0.0
0.0
0.0
0.0
196.13037468749997
0.0
0.0
0.0
0.0
0.0
0.6425714549433061
0.0
0.8104306840561163
0.0
0.9186546021014456
4.263256414560601e-14
1.008167822380653
0.0
1.0250703942500612
1.5702994460298214e-12
1.0693171154636891
0.0
1.0299948142679367
0.0
110.0
41.55
41.55
7.43
0.0
0.0
0.0
0.0
0.7982338744166169
0.0
0.0
0.0
0.0
0.0
0.0
0.0
0.0
0.0
36.056634992187504
47.04439467734375
0.0
0.0
0.0
0.0
0.0
0.0
0.0
0.0
0.0
0.0
-0.0
-0.0
-0.0
-0.0
-0.0
-0.0
-0.0
-0.0
-0.0
-0.0
-0.0
-0.0
-0.0
-0.0
0.0
0.0
0.0
0.0
0.0
0.0
0.0
0.8424558325958004
0.0
0.8278670925039204
0.0
0.712047193631674
0.0
1.2
1.2
1.6
1.6
1.6
1.6
0.95
0.95
0.95
0.95
1.88
1.88
3.75
2.29
2.29
1.2
3.0
3.0
1.6
0.899999999999999
0.9
3.0
1.88
0.0
0.0
0.0
0.0
0.0
0.0
0.0
0.0
0.0
0.0
0.0
0.0
0.0
0.0
0.0
0.0
0.0
0.0
0.0
0.0
0.0
0.0
0.0
0.0
0.0
0.8196365393077004
0.0
117.71481639468749
0.0
0.7400527568350705
0.0
0.0
105.891311239375
0.0
0.0
0.6866125935241576
1.1368683772161603e-13
0.6589154042373618
2.842170943040401e-14
0.0
0.0
751.1
0.0
0.0
0.0
0.0
0.0
0.0
0.0
0.0
0.0
0.0
0.0
0.0
0.0
0.0
0.0
0.0
-0.0
-0.0
-0.0
-0.0
-0.0
-0.0
-0.0
-0.0
-0.0
-0.0
-0.0
-0.0
-0.0
-0.0
-0.0
-0.0
-0.0
0.09104890324033323
0.0
0.7775160005822996
0.0
0.8123518412519849
0.0
82.11276492156249
0.0
0.8790707063536627
7.105427357601002e-15
0.0
0.0
0.0
0.0
0.0
0.0
0.0
0.0
0.0
0.0
0.0
0.0
0.0
0.0
0.0
0.0
0.0
0.0
-0.0
-0.0
-0.0
-0.0
-0.0
-0.0
-0.0
-0.0
-0.0
-0.0
-0.0
-0.0
-0.0
-0.0
-0.0
-0.0
-0.0
-0.0
0.0
0.0
0.0
0.0
0.0
0.0
0.0
0.0
0.0
0.8790707063536627
0.0
0.0
0.0
0.0
0.0
0.0
1.35
4.65
0.0
58.749200144999996
0.0
0.0
0.0
0.0
0.0
0.0
0.0
0.0
0.0
0.0
-0.0
-0.0
-0.0
0.0
-0.0
-0.0
-0.0
-0.0
-0.0
-0.0
0.0
0.0
0.0
-0.0
0.9044316588736769
0.0
619.0
0.0
2.3451130014629724
0.0
2.6908136040634836
0.0
2.7004435829394073
0.0
40.71
27.07
0.0
0.0
1.1904445832753408
0.0
2.875390285159731
0.0
1.4780020897405481
0.0
-158.42010332964543
-178.00220411830583
-308.7186920973295
-271.73441428514803
241.19181390174444
-101.81724620366126
-636.0
969.5474901054312
-636.0
110.80494327055229
147.90256982121218
-352.2231246766696
-290.3418807640626
-163.5245920445377
-227.15227098062402
149.173334072821
65.7240341676951
-75.08748244237887
-26.615004913087617
37.8292241257925
-439.14077421815364
-127.08853900480466
336.9236835945576
28.88940861776689
42.155647049671366
-19.075075443943206
-76.59259654053443
-168.93163562131713
-234.92360701367727
-282.63350241615206
-412.3394246715168
117.3930909167043
531.7536662451874
154.03429730100126
41.87282776522673
673.9021888959505
-333.54749010543117
560.4069090832957
192.4609054426861
-116.45816131093912
413.87980053360366
-195.25002595314973
-79.051028100841
-195.98950634787656
-217.23316307273785
9.945590106332078
-51.79830562969622
-225.16573597993698
27.21421491995993
-207.07232427374038
349.9609930236111
-61.50376525107579
-72.57160760868533
-447.04276991808956
-93.76249524591415
-78.53154109538559
-111.44321734844186
-122.73794609660018
-115.39917765209844
-93.89335692243927
-134.51546250076206
-79.1822849386813
-62.92537152281708
-42.28040915189961
-53.46162107139342
-135.47878422312832
-135.47878422312832
-118.65586741195897
-66.17576576255433
17.41812654319278
22.97607699061725
17.531423153533378
-3.974397576125792
-31.45405580897307
-1.0679535756934797
-1.0606136887651612
-3.264127470525112
-45.40331572791365
-13.432308143272545
17.23013713334038
-2.892926245968617
29.20360983944929
-14.866398952077528
-31.592553225493134
-27.133748164721737
-28.496112086660137
-32.499530319745254
-45.28432632600958
-53.6842725168442
-110.10470812144833
-28.371502168282277
-2.79860936649402
109.04400728982935
-109.04400728982935
-62.03962872820102
-797.0037629417006
-47.00437856162833
-219.31504235134616
-219.31504235134616
-20.387031015455477
-4.800196542543223
-129.5332511210604
38.253692278578605
-71.56489038227055
-50.085851631144926
-32.631167487720404
160.4016777947001
280.81419419714575
-91.47669904123566
91.47669905360385
-91.47669905360388
91.47669905360385
0.0
45.19574478239331
-37.45447148516473
249.03542772407536
-277.3516628825639
-135.9504836752479
-84.96446495726218
-194.91612380044944
42.69752077608982
-42.13098980344758
-139.0705735143215
-64.23736015158798
-88.72693068565772
-164.18656817697064
-164.18656817697064
-225.75149071769874
-513.3565354941452
-248.15762254930706
-348.69946743645494
-294.0829172743001
-977.5094669143289
-1065.1850481991264
158.41029744227828
76.11612309695457
-41.99102588640389
116.46761183265362
219.6179641270409
10.433430207584138
477.1342201046733
152.40530114618275
10.433430207584138
197.94720413929758
174.73616908603213
147.84688262112337
206.2516595903223
-40.771737387500366
96.06081380642604
122.45775849361416
-32.074776056924364
-64.14827964699698
-146.13644750951863
67.75741614390185
-131.37718880020907
30.900497020727244
49.99629516439098
-104.77038082671825
54.3935524904814
-11.560015920062142
124.28575796394679
-103.41062399804086
-43.46532055419493
-50.19758615400786
-50.24228691349409
-81.86088971499595
-80.14865867044472
-141.37609344169215
-50.634715335135525
-325.44463948048184
129.307833681695
-310.30956336835646
120.95778009533262
32.78222120313555
87.55756574988314
0.0
39.62648831252226
-492.52461623140664
-126.47538376859336
145.35224432115666
52.49936055229438
92.59595072633402
-67.78
131.9217774344172
-162.9094098830351
202.33674532155936
3.102801634994574
0.0
2.9441273360095006
0.0
3.0274277006638624
0.0
0.0
0.0
0.0
0.0
0.0
0.0
0.0
0.0
0.0
0.0
3.11
1.75
-0.0
-0.0
-0.0
1.0
1.0
-0.0
-0.0
-0.0
-0.0
-0.0
0.0
0.0
0.0
0.0
0.0
2.7591705841469736
0.0
2.734604782246559
3.183231456205249e-12
0.0
0.0
0.0
0.0
0.0
0.0
0.0
0.0
0.0
0.0
-0.0
-0.0
-0.0
-0.0
-0.0
-0.0
-0.0
-0.0
-0.0
-0.0
0.0
0.0
0.0
0.0
0.0
2.8641849737419642
0.0
2.8427133843106507
0.0
0.0
0.0
0.0
0.0
0.0
0.0
-0.0
0.0
-0.0
-0.0
0.0
-0.0
0.0
0.0
0.0
2.4767503442860126
0.0
2.28277034431026
0.0
636.0
0.0
0.0
0.0
0.0
0.0
0.0
0.0
0.0
0.0
0.0
0.0
0.0
0.0
-0.0
-0.0
-0.0
-0.0
-0.0
-0.0
-0.0
-0.0
0.0
0.0
0.0
0.0
2.0779783443028874
0.0
2.8347286430740293
0.0
3.0
3.0
1.3
1.3
3.0
1.35
1.35
1.35
0.71
0.71
0.71
1.57
0.65
0.65
0.65
0.65
0.45
0.45
0.45
0.45
1.0
0.9999999999999996
1.0
1.9
1.9
1.9
1.9
1.9
1.8999999999999995
1.9
4.6
3.0
3.0
4.6
3.0
0.0
126.98
320.0
0.0
0.0
943.5
140.0
0.0
0.0
0.0
0.0
0.0
0.0
0.0
0.0
0.0
0.0
0.0
0.0
0.0
0.0
0.0
0.0
0.0
0.0
0.0
0.0
0.0
4.440892098500626e-16
0.0
0.0
0.0
0.0
0.0
0.0
0.0
0.0
0.0
0.0
0.0
0.0
0.0
0.0
0.0
0.0
-0.0
0.0
0.0
0.0
2.764978943813151
0.0
2.944739774675303
0.0
2.8126993175961412
0.0
40.555506036249994
0.0
2.764161234194897
6.821210263296962e-13
2.7980970695632235
0.0
2.572439349075213
0.0
0.0
0.0
0.0
20.0
66.91392128968751
0.0
0.0
0.0
0.0
0.0
-0.0
-0.0
-0.0
-0.0
0.0
0.0
2.7430305248882423
0.0
62.6
48.63217694812501
0.0
0.0
2.757200167698813
0.0
2.806998676968045
0.0
2.74226345661518
0.0
2.5786854650528626
1.4210854715202004e-14
2.2055692377948057
2.9558577807620168e-12
62.6
4.6
30.4
0.27762645899999994
0.7745812501875
0.6953541385
0.2857858574687502
0.08630902328125001
0.0
0.0
0.0
0.0
0.0
0.0
0.0
0.0
2.066573064199997
0.0
154.4
0.0
672.3
0.0
0.0
0.0
0.0
0.0
0.0
0.0
0.0
0.0
0.0
0.0
0.0
-0.0
-0.0
-0.0
-0.0
-0.0
0.0
0.0
0.0
1.8751480256468043
0.0
0.0
677.8
0.0
0.0
0.0
0.0
0.0
0.0
0.0
0.0
0.0
0.0
0.0
0.0
-0.0
-0.0
-0.0
-0.0
-0.0
-0.0
-0.0
-0.0
-0.0
-0.0
0.0
0.0
0.0
0.0
0.0
1.8297822505365247
0.0
0.7661425748124999
0.3726058647812507
1.1524456314062501
1.0690303908124998
1.20558905734375
0.26659193174999996
0.0
0.0
0.0
0.0
0.0
0.0
2.743012280855049
7.389644451905042e-13
2.874518560702547
0.0
2.9137352789124913
0.0
2.3105578771216835
0.0
10.27593421559375
2.4678411058125
0.0
0.0
2.8750651125069666
5.684341886080802e-14
0.8
264.24951304375
0.0
0.0
2.6836959817500423
0.0
2.5205515863025445
0.0
3.0
3.0
3.0
7.5
0.0
0.09999999999999981
0.4
0.48
0.24
0.49
0.05
0.05
0.0
0.0
0.0
0.0
0.0
0.0
0.0
0.0
0.0
0.0
0.0
0.0
0.0
0.0
-0.0
-0.0
0.0
2.2205812607673714
0.0
2.2268350268888306
0.0
0.0
0.0
2.16
0.0
0.0
0.0
-0.0
-0.0
0.0
2.227851303161161
0.0
2.2011190259319706
3.637978807091713e-12
2.0699026761461132
0.0
2.136044900709398
0.0
0.0
0.0
0.0
-0.0
0.0
2.0794213966449364
0.0
2.041246204907291
0.0
0.0
7.43
0.0
0.0
0.0
-0.0
0.0
1.8758482687833797
0.0
2.063032841539732
0.0
1.7803542325679065
0.0
1.6593737587041428
1.4210854715202004e-14
0.0
7.43
0.0
0.0
1.5522009962617798
0.0
1.4724586337054695
0.0
1.4724217459863296
0.0
0.0
98.2
0.0
82.0
0.0
0.0
0.0
0.0
-0.0
-0.0
0.0
1.439059177332747
0.0
1.4522859660821517
0.0
1.4708368390746378
0.0
1.4811892011372456
0.0
1.4748750505146453
0.0
0.0
0.0
86.0375681621875
0.0
0.0
0.0
-0.0
-0.0
-0.0
-0.0
0.0
0.0
1.4366974683358236
1.7905676941154525e-12
0.0
0.0
22.0
10.340801347812501
0.0
0.0
0.0
0.0
-0.0
-0.0
-0.0
-0.0
0.0
0.0
1.434297570220723
0.0
75.0
75.0
0.0
0.0
0.0
0.0
-0.0
-0.0
0.0
1.4322656806682643
1.3926637620897964e-12
1.4486861279406311
0.0
1.460277644191302
0.0
97.98
97.98
46.7
0.0
0.0
0.0
1.3636550406415748
7.389644451905042e-13
1.2978526262435137
0.0
97.98
97.98
27.07
0.0
0.0
0.0
1.2830039884120201
1.1937117960769683e-12
0.0
97.98
0.0
0.0
-0.0
-0.0
0.0
1.2819097190869997
0.0
1.3215072627247337
0.0
1.2996690358259075
0.0
636.0
6.91
0.0
0.0
0.0
0.0
0.0
0.0
-0.0
-0.0
-0.0
-0.0
0.0
0.0
1.2854725830571507
0.0
596.4
77.0
0.0
0.0
1.237499373607216
0.0
1.276279324382165
0.0
1.274271167912149
0.0
74.05
74.05
87.71
87.71
42.269935993125
0.0
0.0
0.0
0.0
0.0
1.3338346289266565
0.0
320.0
0.0
1.6904766905265836
4.263256414560601e-13
1.7229224287220108
0.0
0.0
0.0
1.8874360308001872
0.0
1.7229224287220108
0.0
100.0
0.0
1.7502783254114784
0.0
1.6375843493961122
1.3358203432289883e-12
77.0
60.8
9.868793963656248
0.0
0.0
0.0
1.4488738306202673
0.0
60.8
41.55
0.0
0.0
0.0
0.0
0.0
0.0
-0.0
-0.0
-0.0
-0.0
0.0
0.0
1.247579820216705
0.0
1.252941896342761
0.0
1.2428313955494918
0.0
140.0
27.07
80.67
80.67
0.0
0.0
0.0
0.0
1.1809143776866908
0.0
1.2413025112239242
0.0
4.445322942593753
28.232941813562498
1.9345686033437501
0.0
0.0
0.0
1.0520640184146495
2.2737367544323206e-13
0.8607677264237248
0.0
0.5283783329539672
0.0
0.0
0.0
0.0
0.0
0.0
0.0
0.0
0.0
-0.0
0.0
0.0
0.0
-0.0
-0.0
-0.0
-0.0
0.0
0.0
0.0
0.0
0.3375788589011347
0.0
-0.8900514861179131
0.0
688.3
397.30326290206585
0.0
0.0
-3.141592653589793
0.0
0.5053812515346525
0.0
336.5
595.0
0.0
0.0
0.4800653895446563
2.2737367544323206e-13
0.0
0.0
0.0
0.0
0.0
0.0
0.0
0.0
-0.0
-0.0
-0.0
-0.0
0.0
-0.0
0.6997941860499931
2.842170943040401e-14
0.0
0.0
0.0
0.0
0.0
0.0
-0.0
-0.0
-0.0
-0.0
-0.0
-0.0
0.0
0.0
0.0
0.7099568278690095
0.0
0.0
0.0
0.0
0.0
187.81197763749998
0.0
0.0
0.0
0.0
0.0
0.7254196034624489
0.0
0.8938836363732015
0.0
1.0026905989666044
9.379164112033322e-13
1.090879732489748
0.0
1.1062729388912425
4.902744876744691e-13
1.1507178632615704
0.0
1.11424877705933
0.0
110.0
41.55
41.55
7.43
0.0
0.0
0.0
0.0
0.8849469586108694
0.0
0.0
0.0
0.0
0.0
0.0
0.0
0.0
0.0
35.28370972468751
47.93061625909375
0.0
0.0
0.0
0.0
0.0
0.0
0.0
0.0
0.0
0.0
-0.0
-0.0
-0.0
-0.0
-0.0
-0.0
-0.0
-0.0
-0.0
-0.0
-0.0
-0.0
-0.0
-0.0
0.0
0.0
0.0
0.0
0.0
0.0
0.0
0.9311712895345611
0.0
0.9139465049911142
0.0
0.7959582052646621
0.0
1.2
1.2
1.6
1.6
1.6
1.6
0.95
0.95
0.95
0.95
1.88
1.88
3.75
2.29
2.29
1.2
3.0
3.0
1.6
0.9
0.9
3.0
1.88
0.0
0.0
0.0
0.0
0.0
0.0
0.0
0.0
0.0
0.0
0.0
0.0
0.0
0.0
0.0
0.0
0.0
0.0
0.0
0.0
0.0
0.0
0.0
0.0
0.0
0.913291336038992
0.0
108.96716484343749
0.0
0.8384361761266869
0.0
0.0
101.303273771875
0.0
0.0
0.7847089448004915
1.1368683772161603e-13
0.7552423606712522
0.0
0.0
0.0
751.1
0.0
0.0
0.0
0.0
0.0
0.0
0.0
0.0
0.0
0.0
0.0
0.0
0.0
0.0
0.0
1.0
0.0
0.0
1.0
-0.0
0.0
1.0
0.0
0.0
1.0
-0.0
-0.0
-0.0
-0.0
-0.0
-0.0
-0.0
-0.0
0.18808508369257354
0.0
0.8766071145900175
0.0
0.9118544807760377
0.0
78.60688832906249
0.0
0.9797044886415637
7.105427357601002e-15
0.0
0.0
0.0
0.0
0.0
0.0
0.0
0.0
0.0
0.0
0.0
0.0
0.0
0.0
0.0
0.0
0.0
0.0
-0.0
-0.0
-0.0
-0.0
-0.0
-0.0
-0.0
-0.0
-0.0
-0.0
-0.0
-0.0
-0.0
-0.0
-0.0
-0.0
-0.0
-0.0
0.0
0.0
0.0
0.0
0.0
0.0
0.0
0.0
0.0
0.9797044886415637
0.0
0.0
0.0
0.0
0.0
0.0
1.35
4.65
0.0
56.47697423124999
-0.0
0.0
0.0
0.0
0.0
0.0
0.0
0.0
0.0
1.0
-0.0
-0.0
-0.0
0.0
1.0
-0.0
-0.0
-0.0
0.0
-0.0
0.0
0.0
0.0
-0.0
1.0064086031667738
0.0
619.0
0.0
2.4245460313617095
0.0
2.7725313986776983
0.0
2.7821380307343913
0.0
40.71
27.07
0.0
0.0
1.2715260779116275
0.0
2.949767995561036
0.0
1.5590758371393192
0.0
-158.8331321170316
-177.7687130412864
-307.84212905817327
-271.1323318602815
239.96331760328098
-103.22879534946264
-636.0
965.7469586382799
-636.0
109.82276006136632
146.8091801165474
-355.86581253272743
-290.82531193958926
-164.03047303169456
-228.63070737759466
150.4940240687178
67.49699262085211
-73.88647319484724
-24.891324820155248
39.709982900969635
-438.7228491576998
-125.29579150871268
337.80430857443247
28.741668988051345
42.56282843519809
-17.667681462211476
-76.24878725398051
-168.63710469498787
-234.66429386923718
-282.51254792867707
-413.02651518500153
118.75857358165655
532.432058396655
153.80851440537336
41.58718791901617
674.9522474001042
-329.7469586382799
559.0414264183435
193.6185306619589
-116.82829728784466
414.6806105239407
-194.28338140334043
-78.56463456084748
-195.82769123171624
-217.25461819347413
9.963492866364819
-51.7424566637321
-224.9525072991719
27.127023860463552
-207.04505139488538
349.91026613935975
-61.390684171256204
-72.4390650471698
-445.65777962004285
-93.59256870252464
-78.3884840475481
-111.24214636598322
-122.51698971467681
-115.19095719835308
-93.72303344569904
-134.273555845665
-79.03596049853869
-62.78926185511102
-42.21124353194196
-53.43913019635619
-135.22882087389436
-135.22882087389436
-118.44869966156689
-66.06449238993812
17.588814825773003
23.19537353425
17.606057928478084
-3.8618658241759505
-31.293100144760114
-0.8172003448483451
-0.8115838477781661
-3.3944810680312325
-46.406153593736235
-13.456222201121019
16.998392615412367
-2.6864463742099645
28.997891835413455
-14.685945594211054
-31.854525815583315
-27.33491634515792
-28.707380761491876
-32.73518516482379
-45.38097544603128
-53.76736815572485
-109.98990985686586
-28.41872932953231
-2.910290757939947
109.19113449413061
-109.19113449413061
-62.183012745350425
-795.5680457594026
-47.00812174878019
-219.32514010596037
-219.32514010596037
-20.371718108647997
-4.812303166520622
-129.6573228519237
38.20684805503492
-70.00884465626073
-49.90064966787033
-32.47671247010629
160.98232708394482
280.82052094370124
-91.39644559394105
91.3964456062987
-91.39644560629853
91.3964456062987
0.0
45.20153808292136
-37.51229867641905
248.97518069822786
-277.57136947432605
-136.00946649378972
-85.40080070283693
-195.099814511565
43.24254940350363
-41.436478663591004
-137.45452067356882
-63.49089764890234
-87.95030943606184
-163.21117174020554
-163.21117174020554
-229.2096153296086
-521.9544118971821
-251.81014657605604
-353.50599158204386
-297.6590857911985
-998.0734512579538
-1085.6032629020658
164.5121496469553
82.3621564440599
-35.5559859404371
116.8770194139923
220.3899663866989
12.156270120434044
485.8499285986695
155.1892561042623
12.156270120434044
198.66041616516168
175.48797183666915
148.64339156682442
203.20076844789705
-41.01177956162974
102.28098204051275
119.19716905344467
-32.33031524351244
-61.72740798656882
-143.67350440458912
69.74633425196842
-123.30915419071198
28.1411451596733
50.22025353357848
-102.27792599568431
56.856495595410905
-13.648799162082199
126.1871231053627
-105.34669618938885
-34.05705428153169
-45.45838892251922
-47.257045398199566
-79.12762537951704
-76.82485976433105
-142.1355326357043
-53.86944082424134
-326.0239677996246
130.7228589044601
-309.92200925999094
122.38668813807057
36.63163408568384
89.0420050725124
0.0
41.725178945640955
-491.3399259270351
-127.6600740729649
145.1559100032186
52.801281876043134
92.37146207989349
-67.78
131.99217982255766
-163.2193602010697
202.57721785293933
3.141592653589793
2.3634655784672134
2.984056808707017
0.0
3.066724639147634
0.0
0.0
0.0
0.0
0.0
6.9
3.9
0.0
0.0
0.0
0.0
0.0
0.0
-0.0
-0.0
-0.0
1.0
1.0
-0.0
-0.0
-0.0
-0.0
-0.0
0.0
0.0
0.0
0.0
0.0
2.7981375570541718
0.0
2.774269256123505
5.684341886080801e-13
0.0
0.0
0.0
0.0
0.0
0.0
0.0
0.0
0.0
0.0
-0.0
-0.0
-0.0
-0.0
-0.0
-0.0
-0.0
-0.0
-0.0
-0.0
0.0
0.0
0.0
0.0
0.0
2.904336141895448
0.0
2.8830455167743945
0.0
0.0
0.0
0.0
0.0
0.0
0.0
-0.0
0.0
-0.0
-0.0
-0.0
-0.0
0.0
0.0
0.0
2.518322015572802
0.0
2.3243420155970496
0.0
636.0
0.0
0.0
0.0
0.0
0.0
0.0
0.0
0.0
0.0
0.0
0.0
0.0
0.0
-0.0
-0.0
-0.0
-0.0
-0.0
-0.0
-0.0
-0.0
0.0
0.0
0.0
0.0
2.119550015589677
0.0
2.875100062497158
0.0
3.0
3.0
1.2999999999999972
1.3
3.0
1.35
1.35
1.35
0.71
0.71
0.71
1.57
0.65
0.65
0.65
0.65
0.45
0.45
0.45
0.45
1.0
1.0
1.0
1.9
1.9
1.9
1.9
1.9
1.9
1.9
4.6
3.0
3.0
4.6
3.0
0.0
126.98
320.0
0.0
0.0
943.5
140.0
0.0
0.0
2.886579864025407e-15
0.0
0.0
0.0
0.0
0.0
0.0
0.0
0.0
0.0
0.0
0.0
0.0
0.0
0.0
0.0
0.0
0.0
0.0
0.0
0.0
0.0
0.0
0.0
0.0
0.0
0.0
0.0
0.0
0.0
0.0
0.0
0.0
0.0
0.0
0.0
-0.0
0.0
0.0
0.0
2.805602999102126
0.0
2.9863881607871603
0.0
2.8547230442426668
0.0
39.67271948249999
0.0
2.8100290281269342
0.0
2.840459645419154
0.0
2.6185291393200747
2.5011104298755527e-12
0.0
0.0
0.0
20.0
65.30352695218751
0.0
0.0
0.0
0.0
0.0
-0.0
-0.0
-0.0
-0.0
0.0
0.0
2.789810163621552
0.0
62.6
47.47978287062501
0.0
0.0
2.8038415537561914
7.105427357601002e-13
2.8541986458122297
2.842170943040401e-14
2.7898595666408395
0.0
2.626726010420285
0.0
2.2543287265527105
3.836930773104541e-13
62.6
4.6
30.4
0.2846077068749999
0.7879884585625
0.7039425895
0.29003823521875
0.08772179940624975
0.0
0.0
0.0
0.0
0.0
0.0
0.0
2.636779683484747e-16
2.115405898668904
0.0
154.4
0.0
672.3
0.0
0.0
0.0
0.0
0.0
0.0
0.0
0.0
0.0
0.0
0.0
0.0
-0.0
-0.0
-0.0
-0.0
-0.0
0.0
0.0
0.0
1.9230249435947178
0.0
0.0
677.8
0.0
0.0
0.0
0.0
0.0
0.0
0.0
0.0
0.0
0.0
0.0
0.0
-0.0
-0.0
-0.0
-0.0
-0.0
-0.0
-0.0
-0.0
-0.0
-0.0
0.0
0.0
0.0
0.0
0.0
1.8768271516664605
0.0
0.7820351299374999
0.38265644015625
1.1712165576562497
1.0860936165625
1.22519251346875
0.27639357587499996
0.0
0.0
2.220446049250313e-16
0.0
0.0
0.0
2.7926411896081227
2.0179413695586845e-12
2.923820629959688
0.0
2.9626672283684914
0.0
2.3557296513845305
0.0
10.52751756521875
2.519701292812501
0.0
0.0
2.923862370262444
0.0
0.8
257.94819529375
0.0
0.0
2.734072085129043
0.0
2.566779418025302
0.0
3.0
3.0
3.0
7.5
0.0
0.1
0.4
0.48
0.23999999999999932
0.49
0.05
0.05
0.0
0.0
0.0
0.0
0.0
0.0
0.0
0.0
0.0
0.0
0.0
0.0
0.0
0.0
-0.0
-0.0
0.0
2.2672871841514763
0.0
2.273516024290468
0.0
0.0
0.0
2.16
0.0
0.0
0.0
-0.0
-0.0
0.0
2.2745352648923207
0.0
2.24781355618429
0.0
2.1164779030595584
0.0
2.183025425893395
0.0
0.0
0.0
0.0
-0.0
0.0
2.1265914041600924
0.0
2.08855818161371
0.0
0.0
7.43
0.0
0.0
0.0
-0.0
0.0
1.9236340612610587
0.0
2.1102933623854145
0.0
1.828495361711062
0.0
1.7078613738281385
2.1316282072803006e-14
0.0
7.43
0.0
0.0
1.6009577888293545
0.0
1.5214085160704116
0.0
1.5213514046880539
0.0
0.0
98.2
0.0
82.0
0.0
0.0
0.0
0.0
-0.0
-0.0
0.0
1.4880512552346878
0.0
1.5015043026171546
0.0
1.5203530787286874
0.0
1.5307863299274607
0.0
1.5247443928911346
0.0
0.0
0.0
83.0502695621875
0.0
0.0
0.0
-0.0
-0.0
-0.0
-0.0
0.0
0.0
1.4868150210826836
4.362732397567015e-12
0.0
0.0
22.0
9.9898153423125
0.0
0.0
0.0
0.0
-0.0
-0.0
-0.0
-0.0
0.0
0.0
1.4843018491529993
0.0
75.0
75.0
0.0
0.0
0.0
0.0
-0.0
-0.0
0.0
1.4822594598346246
0.0
1.4983442442118322
0.0
1.5099897043956387
0.0
97.98
97.98
46.7
0.0
0.0
0.0
1.4129246685331254
2.8421709430404007e-13
1.3468480260834566
0.0
97.98
97.98
27.07
0.0
0.0
0.0
1.3320012850237348
1.2505552149377763e-12
0.0
97.98
0.0
0.0
-0.0
-0.0
0.0
1.330861455404124
0.0
1.370589325883849
0.0
1.348653915185839
7.105427357601002e-15
636.0
6.91
0.0
0.0
0.0
0.0
0.0
0.0
-0.0
-0.0
-0.0
-0.0
0.0
0.0
1.334296722305535
0.0
596.4
77.0
0.0
0.0
1.286391782115761
0.0
1.325174838018371
0.0
1.323345560058811
0.0
74.05
74.05
87.71
87.71
40.956640510625
0.0
0.0
0.0
0.0
0.0
1.3831711042379715
0.0
320.0
0.0
1.739687526240294
3.979039320256561e-13
1.7721006543647797
0.0
0.0
0.0
1.9364489096044175
0.0
1.7721006543647797
0.0
100.0
0.0
1.7995239250042836
0.0
1.6868249802501214
7.105427357601002e-13
77.0
60.8
9.716020652781248
0.0
0.0
0.0
1.4980897312723767
0.0
60.8
41.55
0.0
0.0
0.0
0.0
0.0
0.0
-0.0
-0.0
-0.0
-0.0
0.0
0.0
1.2967324604457187
0.0
1.3021244908431382
0.0
1.2921007709643766
0.0
140.0
27.07
80.67
80.67
0.0
0.0
0.0
0.0
1.230478257538702
0.0
1.2905497644133856
0.0
4.6406645037187495
28.6072942226875
1.9309364043437502
0.0
0.0
0.0
1.0998075942161774
0.0
0.9068083654443272
0.0
0.571798085057133
0.0
0.0
4.440892098500626e-16
0.0
0.0
0.0
0.0
0.0
0.0
-0.0
0.0
0.0
0.0
-0.0
-0.0
-0.0
-0.0
0.0
0.0
0.0
0.0
0.3797398456611742
0.0
-0.8636181102090176
0.0
688.3
410.0483814683122
0.0
0.0
-3.141592653589793
0.0
0.5517268872657911
0.0
336.5
595.0
0.0
0.0
0.5293997052833436
0.0
0.0
0.0
0.0
0.0
0.0
0.0
0.0
0.0
-0.0
-0.0
-0.0
-0.0
0.0
-0.0
0.7497231910574294
2.842170943040401e-14
0.0
0.0
0.0
0.0
0.0
0.0
-0.0
-0.0
-0.0
-0.0
-0.0
-0.0
0.0
0.0
0.0
0.7607779761803338
0.0
0.0
0.0
0.0
0.0
179.07590683749999
0.0
0.0
0.0
0.0
0.0
0.7775981755569675
0.0
0.9456871861806889
0.0
1.054187809369106
0.0
1.1415561409443435
0.0
1.155960297565456
1.7621459846850485e-12
1.2003341922623563
0.0
1.1651982169488415
0.0
110.0
41.55
41.55
7.43
0.0
0.0
0.0
0.0
0.937221029748406
0.0
0.0
0.0
0.0
0.0
0.0
0.0
0.0
0.0
34.217777815937495
48.86213933021875
0.0
0.0
0.0
0.0
0.0
0.0
0.0
0.0
7.105427357601002e-15
0.0
-0.0
-0.0
-0.0
-0.0
-0.0
-0.0
-0.0
-0.0
-0.0
-0.0
-0.0
-0.0
-0.0
-0.0
0.0
0.0
0.0
0.0
0.0
0.0
0.0
0.984514965291192
0.0
0.9667564884840714
0.0
0.8483433075682657
0.0
1.2
1.2
1.6
1.6
1.6
1.6
0.95
0.95
0.95
0.95
1.88
1.88
3.75
2.29
2.29
1.2
3.0
3.0
1.6
0.9
0.9
3.0
1.88
0.0
0.0
0.0
0.0
0.0
0.0
0.0
0.0
0.0
0.0
0.0
0.0
0.0
0.0
0.0
0.0
0.0
0.0
0.0
0.0
0.0
0.0
0.0
0.0
0.0
0.9685940506897656
0.0
101.05402512843749
0.0
0.8965132883905622
0.0
0.0
96.560717226875
0.0
0.0
0.8413624652834965
1.1368683772161603e-13
0.8098262774790844
0.0
0.0
0.0
751.1
1.0499999999999716
0.6
1.54
1.6
1.3
1.3
0.0
0.0
0.0
0.0
0.0
0.0
0.0
0.0
0.0
1.0
1.0
1.0
1.0
1.0
1.0
0.0
1.0
1.0
0.0
1.0
1.0
-0.0
-0.0
-0.0
-0.0
-0.0
-0.0
0.23689192728012498
0.0
0.9335807064791861
0.0
0.9689603370710239
1.4210854715202004e-14
74.6899849528125
0.0
1.0371723578887049
0.0
0.0
0.0
0.0
0.0
0.0
0.0
0.0
0.0
0.0
0.0
0.0
0.0
0.0
0.0
0.0
0.0
0.0
0.0
-0.0
-0.0
-0.0
-0.0
-0.0
-0.0
-0.0
-0.0
-0.0
-0.0
-0.0
-0.0
-0.0
-0.0
-0.0
-0.0
-0.0
-0.0
0.0
0.0
0.0
0.0
0.0
0.0
0.0
0.0
0.0
1.0371723578887049
0.0
0.0
1.3
0.0
0.0
0.0
1.35
4.65
3.25
54.04790672499999
-0.0
0.0
0.0
0.0
0.0
0.0
0.0
0.0
0.0
1.0
-0.0
-0.0
-0.0
1.0
-0.0
-0.0
-0.0
-0.0
1.0
-0.0
0.0
0.0
0.0
-0.0
1.062487413201633
0.0
619.0
0.0
2.471189309488752
0.0
2.822599472699998
0.0
2.832153259794944
0.0
40.71
27.07
0.0
0.0
1.3206004700582896
0.0
2.990408885225996
0.0
1.6082913255372833
0.0
-157.6935384210399
-176.57550575698406
-299.10151540274524
-270.7920213110557
240.86460330064486
-102.35877462699798
-636.0
958.6038971783057
-636.0
111.86410674136681
147.84575716386053
-354.5768540335939
-289.6977427978728
-163.20102502844264
-227.7721108326793
152.2409005237747
69.4767257998471
-72.16003791646673
-22.9200082635614
41.79453993501731
-438.2148484419549
-123.22626658408835
339.1703451853565
28.46123759669922
43.04024962050249
-15.704249671998694
-75.7821898668989
-168.1789239303074
-234.21212821485295
-282.36347128031287
-414.12972869749103
120.93662807888029
533.5068993813892
153.42624598916763
41.19469608326396
677.3182679726478
-322.6038971783057
556.8633719211197
195.3507555567461
-117.23522085434392
416.0827047312471
-192.68049244607374
-77.5749728048454
-195.5382717858001
-217.2284897211149
9.992554920500943
-51.71522758790741
-224.6238463628663
27.045077394238724
-207.1662549244902
350.22840837639626
-61.12087763194182
-72.1560428669282
-443.05879322983753
-93.2793747667223
-78.09696620105993
-110.90565185096307
-122.16601506931893
-114.8321111113727
-93.39311229069665
-133.88899870836616
-78.83745205933292
-62.63722264458678
-42.11977996890071
-53.371617337158206
-134.8553578942705
-134.8553578942705
-118.17748311428568
-65.94089001325933
17.889690667601272
23.577973353307943
17.743624486574113
-3.6953743341019383
-31.089649021517246
-0.4277626822979528
-0.4248227326674809
-3.5546986275555867
-47.70221202847642
-13.525757074734237
16.65091549839459
-2.3582525412334867
28.70625729926203
-14.413594342100929
-32.22431423918555
-27.623422829144374
-29.010372926654494
-33.07561660170704
-45.57009824023972
-53.9489223422911
-109.97585969559364
-28.49656092099643
-3.031461754186695
109.67705349005092
-109.67705349005092
-62.136679716303206
-793.2872016062338
-47.54037377374771
-219.4335942881271
-219.4335942881271
-20.398932699737657
-4.86035673995509
-129.4728113379556
38.209907294109655
-68.44476404202622
-49.761487340163704
-32.370416973388785
161.69065996146338
280.72159212669
-91.30458623920273
91.30458625154768
-91.30458625154765
91.30458625154768
0.0
45.227814635524595
-37.49116737124109
248.89661966765402
-277.58360774722144
-136.05221002291
-85.5828156358084
-195.14383183272673
43.48411610804719
-41.080819177881324
-136.60660392516274
-63.09924086508736
-87.53197926982291
-162.3554240034896
-162.3554240034896
-230.86150797675964
-526.6008969739983
-253.79566696811708
-356.1273782446807
-299.6228382759506
-1010.8601267469832
-1098.3483814683123
168.6147466776005
86.50858937983134
-31.358401660239366
117.19334349310398
220.98644509151416
13.223427182676517
491.4821194028591
156.9882797321148
13.223427182676517
198.2181729021605
175.05673025944668
148.22489511179668
201.30951972036308
-40.94393405491917
105.94849689496687
117.11448582215849
-32.274159837949334
-60.4444820259562
-142.35787756696607
70.14128464584957
-120.12559323538002
26.333010277705142
50.1399940155687
-100.94036405869133
58.17212243303396
-14.071693190327792
126.55658680683867
-105.72605439418707
-30.32555162555559
-43.138076909312566
-45.50553175360099
-78.29636025196919
-76.28326978564974
-145.90164845882046
-57.652994161145216
-330.31176938159206
131.17815251219056
-313.0788798719832
122.84593954712993
37.82587269362507
89.51708768688741
0.0
39.55477392645024
-489.50109575379986
-129.49890424620014
144.65259406092954
53.32263181853685
91.86333744772753
-67.78
132.00420437683306
-163.27163141945837
202.5764600328194
3.141592653589793
0.0
2.983175285862222
0.0
3.0660836677787473
0.0
0.0
0.0
0.0
0.0
6.9
3.9
0.0
0.0
0.0
0.0
0.0
0.0
-0.0
-0.0
-0.0
1.0
1.0
-0.0
-0.0
-0.0
-0.0
-0.0
0.0
0.0
0.0
0.0
0.0
2.79639511150505
0.0
2.7725045733624527
7.503331289626658e-12
0.0
0.0
0.0
0.0
0.0
0.0
0.0
0.0
0.0
0.0
-0.0
-0.0
-0.0
-0.0
-0.0
-0.0
-0.0
-0.0
-0.0
-0.0
0.0
0.0
0.0
0.0
0.0
2.9027467648650687
0.0
2.881517161799572
0.0
0.0
0.0
0.0
0.0
0.0
0.0
-0.0
0.0
-0.0
-0.0
-0.0
-0.0
0.0
0.0
0.0
2.51603954066174
0.0
2.3220595406859874
0.0
636.0
0.0
0.0
0.0
0.0
0.0
0.0
0.0
0.0
0.0
0.0
0.0
0.0
0.0
-0.0
-0.0
-0.0
-0.0
-0.0
-0.0
-0.0
-0.0
0.0
0.0
0.0
0.0
2.117267540678615
0.0
2.8735369249797125
0.0
3.0
3.0
1.3
1.3
3.0
1.35
1.35
1.35
0.71
0.71
0.71
1.57
0.65
0.65
0.65
0.65
0.45
0.45
0.45
0.45
1.0
1.0
1.0
1.9
1.9
1.9
1.9
1.8999999999999995
1.9
1.9
4.6
3.0
3.0
4.6
2.9999999999999982
0.0
126.98
320.0
0.0
0.0
943.5
140.0
0.0
0.0
0.0
0.0
0.0
0.0
0.0
0.0
0.0
0.0
0.0
0.0
0.0
0.0
0.0
0.0
0.0
0.0
0.0
0.0
0.0
0.0
0.0
0.0
0.0
0.0
0.0
0.0
0.0
0.0
0.0
0.0
0.0
0.0
1.7763568394002505e-15
0.0
0.0
0.0
0.0
0.0
0.0
0.0
2.8041705074977417
0.0
2.984713540996366
0.0
2.8531180201666873
0.0
38.78993292875
0.0
2.8079317241413393
0.0
2.8388296080346223
0.0
2.616445434442324
1.5631940186722204e-12
0.0
0.0
0.0
20.0
63.69313261468751
0.0
0.0
0.0
0.0
0.0
-0.0
-0.0
-0.0
-0.0
0.0
0.0
2.7881596232989234
0.0
62.6
46.327388793125
0.0
0.0
2.8018021762444887
0.0
2.851950443978046
0.0
2.7874506439064852
0.0
2.6241252966208153
0.0
2.2514040695592907
1.1368683772161603e-13
62.6
4.6
30.4
0.2915889547499999
0.8013956669375
0.7125310405
0.29429061296875
0.08913457553124976
0.0
0.0
0.0
0.0
0.0
0.0
0.0
2.498001805406602e-16
2.110685959541569
0.0
154.4
0.0
672.3
0.0
0.0
0.0
0.0
0.0
0.0
0.0
0.0
0.0
0.0
0.0
0.0
-0.0
0.0
-0.0
-0.0
0.0
0.0
0.0
0.0
1.92058552033375
0.0
0.0
677.8
0.0
0.0
0.0
0.0
0.0
0.0
0.0
0.0
0.0
0.0
0.0
0.0
-0.0
-0.0
-0.0
-0.0
-0.0
-0.0
-0.0
-0.0
-0.0
-0.0
0.0
0.0
0.0
0.0
0.0
1.8741353817099955
0.0
0.7979276850625001
0.39270701553125004
1.1899874839062499
1.1031568423124998
1.24479596959375
0.28619522
0.0
0.0
0.0
0.0
0.0
0.0
2.7922671973902746
0.0
2.923335320802802
0.0
2.9620495044059454
0.0
2.352469771066662
1.1027623258996755e-11
10.77910091484375
2.5715614798125
0.0
0.0
2.9231933908172953
2.842170943040401e-14
0.8
251.64687754375
0.0
0.0
2.7344155594684967
5.343281372915953e-12
2.562765807211393
0.0
3.0
3.0
3.0
7.5
0.0
0.1
0.3999999999999999
0.48
0.24
0.49
0.05
0.05
0.0
0.0
0.0
0.0
0.0
0.0
0.0
0.0
0.0
0.0
0.0
0.0
0.0
0.0
-0.0
-0.0
0.0
2.26119042825216
0.0
2.267378482740811
0.0
0.0
0.0
2.16
0.0
0.0
0.0
-0.0
-0.0
0.0
2.2684050597968426
0.0
2.241668244093607
1.070930011337623e-10
2.1101771370033022
0.0
2.1760099606626553
0.0
0.0
0.0
0.0
-0.0
0.0
2.1191055442950573
0.0
2.0806864980014796
0.0
0.0
7.43
0.0
0.0
0.0
-0.0
0.0
1.9147731123793503
0.0
2.1026826054857293
0.0
1.8187453793042254
0.0
1.6973491283153659
0.0
0.0
7.43
0.0
0.0
1.5898874594606633
0.0
1.5099298121457045
0.0
1.5101959928821835
0.0
0.0
98.2
0.0
82.0
0.0
0.0
0.0
0.0
-0.0
-0.0
0.0
1.4768893398626286
0.0
1.4904895338175146
0.0
1.509540918634317
0.0
1.5200316068929987
0.0
1.5141966723125397
0.0
0.0
0.0
80.0629709621875
0.0
0.0
0.0
-0.0
-0.0
-0.0
-0.0
0.0
0.0
1.4764668518046737
3.254285729781259e-12
0.0
0.0
22.0
9.6388293368125
0.0
0.0
0.0
0.0
-0.0
-0.0
-0.0
-0.0
0.0
0.0
1.4738178262814985
0.0
75.0
75.0
0.0
0.0
0.0
0.0
-0.0
-0.0
0.0
1.4717775373739677
0.0
1.4876282841892683
0.0
1.499310510222063
0.0
97.98
97.98
46.7
0.0
0.0
0.0
1.4014569995491444
5.684341886080801e-13
1.3350084132326399
0.0
97.98
97.98
27.07
0.0
0.0
0.0
1.3201502426218488
0.0
0.0
97.98
0.0
0.0
-0.0
-0.0
0.0
1.3189957513934465
1.8181012251261564e-12
1.358815946909966
0.0
1.3367221372534652
0.0
636.0
6.91
0.0
0.0
0.0
0.0
0.0
0.0
-0.0
-0.0
-0.0
-0.0
0.0
0.0
1.322034783848027
0.0
596.4
77.0
0.0
0.0
1.2745906077084528
0.0
1.3133192331446155
0.0
1.3097421225916126
0.0
74.05
74.05
87.71
87.71
39.643345028125
0.0
0.0
0.0
0.0
0.0
1.3695428381498818
0.0
320.0
0.0
1.727531153823555
3.268496584496461e-13
1.7605858211505039
0.0
0.0
0.0
1.9281869512187522
0.0
1.7605858211505039
0.0
100.0
0.0
1.7858927837309317
0.0
1.672725627387835
7.389644451905042e-13
77.0
60.8
9.563247341906248
0.0
0.0
0.0
1.4826701630506676
0.0
60.8
41.55
0.0
0.0
0.0
0.0
0.0
0.0
-0.0
-0.0
-0.0
-0.0
0.0
0.0
1.2793790776223786
0.0
1.284636950891471
0.0
1.2743770830439773
0.0
140.0
27.07
80.67
80.67
0.0
0.0
0.0
0.0
1.2121173448181828
0.0
1.275266239531542
0.0
4.83600606484375
28.9816466318125
1.9273042053437495
0.0
0.0
6.661338147750939e-16
1.0804020421894485
6.536993168992922e-13
0.8880906619035083
2.2737367544323206e-13
0.5541630390855559
0.0
0.0
0.0
0.0
0.0
0.0
0.0
0.0
0.0
-0.0
0.0
0.0
0.0
-0.0
-0.0
-0.0
-0.0
0.0
0.0
0.0
0.0
0.3626444979955553
0.0
-0.8743813558510292
0.0
650.1587741197137
443.0
0.0
0.0
-3.141592653589793
0.0
0.5329997176553096
0.0
336.5
595.0
0.0
0.0
0.5096010908839514
0.0
0.0
0.0
0.0
0.0
0.0
0.0
0.0
0.0
-0.0
-0.0
-0.0
-0.0
0.0
-0.0
0.7296136944592723
2.842170943040401e-14
0.0
0.0
0.0
0.0
0.0
0.0
-0.0
-0.0
-0.0
-0.0
-0.0
-0.0
0.0
0.0
0.0
0.740398596841353
0.0
0.0
0.0
0.0
0.0
170.3398360375
0.0
0.0
0.0
0.0
0.0
0.7568081612342666
0.0
0.9229380193534873
0.0
1.0297648699779418
2.842170943040401e-14
1.1184864230956528
0.0
1.1346416010169038
0.0
1.1804435960270792
0.0
1.142071177572745
0.0
110.0
41.55
41.55
7.43
0.0
0.0
0.0
0.0
0.9098487880080458
0.0
0.0
57.34165707214159
0.0
0.0
0.0
0.0
0.0
0.0
33.1518459071875
49.79366240134376
0.0
0.0
0.0
0.0
0.0
0.0
0.0
0.0
0.0
0.0
1.0
0.0
-0.0
-0.0
-0.0
-0.0
-0.0
1.0
0.0
0.0
-0.0
-0.0
-0.0
-0.0
0.0
0.0
0.0
0.0
0.0
0.0
0.0
0.9535863106897616
0.0
0.9401446430996047
0.0
0.825611304970491
0.0
1.2
1.2
1.6
1.6
1.6
1.5999999999999999
0.95
0.95
0.95
0.95
1.88
1.88
3.75
2.29
2.29
1.2
3.0
3.0
1.6
0.9
0.9
3.0
1.88
0.0
0.0
0.0
0.0
0.0
0.0
2.220446049250313e-16
0.0
0.0
0.0
0.0
0.0
0.0
0.0
0.0
0.0
0.0
0.0
0.0
0.0
0.0
0.0
0.0
0.0
0.0
0.9463000542854701
0.0
93.14088541343749
0.0
0.8807348401242423
0.0
0.0
91.818160681875
0.0
0.0
0.8269833659666925
2.842170943040401e-14
0.7940113135420612
0.0
0.0
0.0
751.1
0.0
0.0
0.0
0.0
0.0
0.0
0.0
0.0
0.0
0.0
0.0
0.0
0.0
0.0
0.0
1.0
1.0
1.0
1.0
1.0
1.0
-0.0
-0.0
-0.0
-0.0
-0.0
-0.0
-0.0
-0.0
-0.0
-0.0
-0.0
-0.0
0.22850672059612662
0.0
0.9214801050258945
0.0
0.9577943141343279
0.0
70.77308157656249
0.0
1.0284911373221375
0.0
0.0
0.0
0.0
0.0
0.0
0.0
0.0
0.0
0.0
0.0
0.0
0.0
0.0
0.0
0.0
0.0
0.0
0.0
-0.0
-0.0
-0.0
-0.0
-0.0
-0.0
-0.0
-0.0
-0.0
-0.0
-0.0
-0.0
-0.0
-0.0
-0.0
-0.0
-0.0
-0.0
0.0
0.0
0.0
0.0
0.0
0.0
0.0
0.0
0.0
1.0284911373221375
0.0
0.0
0.0
0.0
0.0
0.0
1.35
4.65
0.0
51.61883921874999
0.0
0.0
0.0
0.0
0.0
0.0
0.0
0.0
0.0
1.0
-0.0
-0.0
-0.0
1.0
-0.0
-0.0
-0.0
-0.0
-0.0
-0.0
0.0
0.0
0.0
-0.0
1.0582411334227837
0.0
619.0
0.0
2.469419024149555
0.0
2.8226474046957892
1.4210854715202004e-14
2.8321504688050596
0.0
40.71
27.07
0.0
0.0
1.3069970325910911
0.0
2.9889932279975966
0.0
1.5935589001109054
0.0
-158.57594367108433
-178.0872306835801
-299.3801772063667
-271.83249482229076
241.18924354265778
-102.06539935988434
-636.0
960.5431936202567
-636.0
112.1247288804168
148.14127804894906
-353.9102932527112
-290.59217260219253
-163.69572517562847
-227.49015974311487
152.0883939938967
69.23269118655824
-72.33298562302116
-23.172459499251403
41.557674491271506
-438.18372920204274
-123.47816413725755
340.0280967797442
27.67252118881072
42.86176729359575
-15.557228164657317
-75.97149599202848
-168.37664667783812
-234.41586607267988
-286.01241870660533
-413.5231865319254
121.59722152255881
534.7740349906334
153.2960507388612
41.054277413411086
680.3496479733876
-324.5431936202568
556.2027784774411
196.255890190507
-117.39007125494382
418.9171638229461
-191.65262058393392
-76.62468597416819
-197.07871135839858
-218.87115303595795
10.064480941865597
-51.73086247931124
-226.12504444507525
26.920266960785362
-207.68281015168395
350.64295228464397
-61.94177682066132
-72.95398797065806
-448.69006311619216
-94.05688655895382
-78.88921208839122
-111.65706661412878
-122.89880415778052
-115.70384114686455
-94.29376725816648
-134.7350176935396
-79.2490183247353
-62.95877741310158
-42.16479713142858
-52.86475565292127
-135.5677314206493
-135.5677314206493
-118.52676798486861
-65.95376836214967
18.085364301131573
23.833269176438666
17.841306561241513
-3.568767327456552
-30.926082381703008
-0.14618963941148877
-0.14518489964770717
-3.746853639564803
-49.102768915035995
-13.51184706914685
16.408640589674793
-2.1352609165549836
28.502042275609213
-14.228662602489408
-32.71253914367071
-28.01615052767795
-29.42281917068278
-33.53143037027574
-45.82661125184529
-54.2045046209073
-110.0605230368433
-28.543069227335792
-3.070455394588862
110.4690482825046
-110.4690482825046
-61.83542773683757
-799.3330154008361
-48.63362054566703
-220.12919715575526
-220.12919715575526
-20.369331964249113
-4.851724998996006
-128.22750309403546
38.15628121879085
-76.82913285259013
-50.535267816535054
-33.131636330167055
161.62355558066815
281.88056352144986
-93.11173892166426
93.1117389342536
-93.1117389342536
93.1117389342536
0.0
44.11309894649678
-38.86916768731771
248.51048296751537
-278.7368382617478
-137.35884151054563
-89.27105002714165
-196.7716607278229
42.40220378283463
-42.04863872192777
-138.6839851563559
-64.05879314813423
-88.4371281333401
-170.6726884332583
-170.6726884332583
-233.26733353850227
-524.7240934656766
-252.9754718398774
-355.0311918424791
-298.7808752404019
-1005.7120763211676
-1093.1587741197136
167.01492124139986
84.94600745274317
-32.86323984688747
117.02798062142574
220.6746274398192
12.900600937618833
489.51895123769486
156.36120830691536
12.900600937618833
195.90785155255034
172.75741059588069
145.93832057015996
204.42754170703648
-42.569090004533905
102.33879024969247
120.68668702134914
-33.91193662101338
-64.85756226247833
-146.7323091299606
66.70445743320204
-131.3423435976838
29.534146109944345
51.75366668618609
-105.29880831883307
53.79769087003942
-10.651083668348207
123.08254695808945
-102.26190904876013
-13.878583628956676
-35.71150517689064
-41.39218065647981
-73.42565435185264
-69.68340486680688
-142.19966711019876
-60.27797518545662
-327.03641821631373
134.41925900438926
-309.0189032312215
126.09100384065754
45.33429841709808
92.7779831857306
0.0
46.48436890725953
-488.45983482843724
-130.54016517156276
144.1696817347152
53.82357814495583
91.37561643163627
-67.78
132.01622893110834
-164.58779059636242
203.83959017121487
3.141592653589793
0.0
2.9830276376329627
0.0
3.066088500196182
0.0
0.0
0.0
0.0
0.0
0.0
0.0
0.0
0.0
0.0
0.0
0.0
0.0
-0.0
-0.0
-0.0
0.0
0.0
-0.0
-0.0
-0.0
-0.0
-0.0
-0.0
-0.0
-0.0
1.0
1.0
2.7972510465080678
0.0
2.772595686211617
1.3642420526593924e-12
0.0
0.0
0.0
0.0
0.0
0.0
0.0
0.0
0.0
0.0
-0.0
-0.0
-0.0
-0.0
-0.0
-0.0
-0.0
-0.0
-0.0
-0.0
-0.0
-0.0
-0.0
-0.0
-0.0
2.9027042358439354
0.0
2.881394229486634
0.0
0.0
0.0
0.0
0.0
0.0
0.0
-0.0
0.0
-0.0
-0.0
-0.0
-0.0
-0.0
0.0
0.0
2.5137087239844713
0.0
2.3197287240087188
0.0
636.0
0.0
0.0
0.0
0.0
0.0
0.0
0.0
0.0
0.0
0.0
0.0
0.0
0.0
-0.0
-0.0
-0.0
-0.0
-0.0
-0.0
-0.0
-0.0
-0.0
-0.0
-0.0
-0.0
2.114936724001346
0.0
2.8735012088940572
0.0
3.0
3.0
1.3
1.3
3.0
1.35
1.35
1.35
0.71
0.71
0.71
1.57
0.65
0.65
0.65
0.65
0.45
0.45
0.45
0.45
1.0
1.0
1.0
1.9
1.9
1.9
1.9
1.9
1.9
1.9
4.6
2.999999999999999
3.0
4.599999999999996
3.0
0.0
126.98
320.0
0.0
0.0
943.5
140.0
0.0
0.0
0.0
0.0
0.0
0.0
0.0
0.0
0.0
0.0
0.0
0.0
0.0
0.0
0.0
0.0
0.0
0.0
0.0
0.0
0.0
0.0
0.0
0.0
0.0
0.0
0.0
0.0
0.0
0.0
0.0
8.881784197001252e-16
0.0
0.0
0.0
0.0
0.0
0.0
0.0
0.0
0.0
0.0
2.8038988693751836
0.0
2.984337543422892
0.0
2.8524761823944553
0.0
38.2259768475
0.0
2.806195822663586
5.684341886080802e-14
2.8371646164651803
0.0
2.611651112220106
0.0
0.0
0.0
0.0
20.0
62.649913504375
0.0
0.0
0.0
0.0
0.0
-0.0
-0.0
-0.0
-0.0
-0.0
-0.0
2.7852956002405573
0.0
62.6
45.730081272187505
0.0
0.0
2.80022917063764
0.0
2.8472816151832263
0.0
2.7804944835235585
0.0
2.6145194980134003
0.0
2.2374125079112575
0.0
62.6
4.6
30.4
0.3025782460937499
0.8148514036562501
0.7214194475625001
0.29856766734374995
0.090594294625
0.0
0.0
0.0
0.0
0.0
0.0
0.0
0.0
2.106452425443396
0.0
154.4
0.0
672.3
0.0
0.0
0.0
0.0
0.0
0.0
0.0
0.0
0.0
0.0
0.0
0.0
-0.0
0.0
-0.0
-0.0
-0.0
-0.0
-0.0
0.0
1.8873170965084574
0.0
0.0
677.8
80.58459387842476
0.0
0.0
0.0
0.0
0.0
0.0
0.4154061215752449
0.0
0.0
0.0
0.0
1.0
-0.0
-0.0
-0.0
-0.0
1.0
-0.0
-0.0
-0.0
-0.0
-0.0
-0.0
-0.0
-0.0
-0.0
1.8276609300874662
0.0
0.8137674691875
0.4087708051562501
1.2094137623437498
1.1208176764374997
1.26507305346875
0.29785996065624887
0.0
0.0
0.0
0.0
0.0
1.1657341758564144e-15
2.7760724949119804
2.1600499167107046e-12
2.909275792567369
0.0
2.950302028428431
0.0
2.345567222249392
0.0
11.057125938250001
2.6223194726562498
0.0
0.0
2.912236214263221
0.0
0.8
247.03910360000003
0.0
0.0
2.72213692681621
0.0
2.566830792764575
0.0
3.0
3.0
3.0
7.5
0.0
0.1
0.4
0.48
0.23999999999999996
0.49
0.05
0.05
0.0
0.0
0.0
0.0
0.0
0.0
0.0
0.0
0.0
0.0
0.0
0.0
0.0
0.0
-0.0
-0.0
-0.0
2.271869815039055
0.0
2.2780658076190616
0.0
0.0
0.0
2.16
0.0
0.0
0.0
-0.0
-0.0
-0.0
2.2790850767071458
0.0
2.252427835840937
0.0
2.120289647813021
0.0
2.190718849198148
0.0
0.0
0.0
0.0
-0.0
0.0
2.136102907699347
0.0
2.099501704502834
0.0
0.0
7.43
0.0
0.0
0.0
-0.0
-0.0
1.9387326894109829
0.0
2.120483988314235
0.0
1.8470367836923638
0.0
1.729522357976475
0.0
0.0
7.43
0.0
0.0
1.6249844713571433
0.0
1.5471689602553438
0.0
1.5462917132255585
0.0
0.0
98.2
0.0
82.0
0.0
0.0
0.0
0.0
-0.0
-0.0
-0.0
1.5132731775121797
0.0
1.5272937957519983
0.0
1.5468715945942757
0.0
1.5574947139016042
0.0
1.55208998674697
0.0
0.0
0.0
77.506712373125
0.0
0.0
0.0
-0.0
-0.0
-0.0
-0.0
-0.0
-0.0
1.5147402606292957
0.0
0.0
0.0
22.0
9.329287054
0.0
0.0
0.0
0.0
-0.0
-0.0
-0.0
-0.0
-0.0
-0.0
1.5120670328021948
0.0
75.0
75.0
0.0
0.0
0.0
0.0
-0.0
-0.0
-0.0
1.5099779781304947
5.517364343177178e-12
1.5252296721585397
1.7763568394002505e-15
1.5370019051104629
0.0
97.98
97.98
46.7
0.0
0.0
0.0
1.4399475366517127
1.1368683772161603e-12
1.373646605302296
0.0
97.98
97.98
27.07
0.0
0.0
0.0
1.3588460705106942
3.410605131648481e-13
0.0
97.98
0.0
0.0
-0.0
-0.0
-0.0
1.3575436989817142
0.0
1.3976106673110111
0.0
1.3756744655811746
0.0
636.0
6.91
0.0
0.0
0.0
0.0
0.0
0.0
-0.0
-0.0
-0.0
-0.0
-0.0
-0.0
1.3615141416843726
3.6699532302009175e-12
596.4
77.0
0.0
0.0
1.312740638978059
0.0
1.3516220656366476
0.0
1.3548409565629012
0.0
74.05
74.05
87.71
87.71
38.404243732187496
0.0
0.0
0.0
0.0
0.0
1.415468261140841
0.0
320.0
0.0
1.7641852052230147
7.247535904753022e-13
1.7937125109815923
0.0
0.0
0.0
1.9434284274680258
4.547473508864641e-13
1.7937125109815923
0.0
100.0
0.0
1.8299486629120296
0.0
1.7189834121178162
4.547473508864641e-13
77.0
60.8
9.52237991353125
0.0
0.0
0.0
1.534535140127532
0.0
60.8
41.55
0.0
0.0
0.0
0.0
0.0
0.0
-0.0
-0.0
-0.0
-0.0
-0.0
-0.0
1.3395399764977882
0.0
1.3452085031289642
0.0
1.3357931726662873
0.0
140.0
27.07
80.67
80.67
0.0
0.0
0.0
0.0
1.276027944025823
0.0
1.3270083891982298
0.0
5.058305779531251
29.243241468687497
1.8424316712500002
0.0
3.552713678800501e-15
0.0
1.1509432303274152
0.0
0.9580248083157441
0.0
0.6232068922401194
0.0
0.0
0.0
0.0
0.0
0.0
0.0
0.0
0.0
-0.0
0.0
0.0
0.0
-0.0
-0.0
-0.0
-0.0
-0.0
0.0
0.0
-0.0
0.43129683338121294
0.0
-0.8313804930977851
0.0
633.3920734201843
480.5
0.0
0.0
-3.141592653589793
0.0
0.6115416356906439
0.0
336.5
595.0
0.0
0.0
0.5952441499497113
0.0
0.0
0.0
0.0
0.0
0.0
0.0
0.0
0.0
-0.0
-0.0
-0.0
-0.0
-0.0
-0.0
0.8166302623807539
0.0
0.0
0.0
0.0
0.0
0.0
0.0
-0.0
-0.0
-0.0
-0.0
-0.0
-0.0
-0.0
-0.0
-0.0
0.8295550966565626
0.0
0.0
0.0
0.0
0.0
161.69118302812498
0.0
0.0
0.0
0.0
0.0
0.849220633979275
0.0
1.0152972092293573
0.0
1.1221289110151258
9.379164112033322e-13
1.2045456574388789
0.0
1.2128874373845835
1.0516032489249483e-12
1.2517005417937748
0.0
1.2233900310573174
0.0
110.0
41.55
41.55
7.43
0.0
0.0
0.0
0.0
1.0070212321563479
0.0
0.0
0.0
0.0
0.0
0.0
0.0
0.0
0.0
32.4084181090625
50.64777827084375
0.0
20.0
0.0
0.0
0.0
0.0
0.0
0.0
0.0
0.0
1.0
0.0
-0.0
-0.0
-0.0
-0.0
-0.0
-0.0
-0.0
-0.0
-0.0
-0.0
-0.0
-0.0
0.0
0.0
0.0
-0.0
-0.0
-0.0
-0.0
1.0638858810221634
0.0
1.0426700667494346
0.0
0.9213799537351666
0.0
1.2
1.2
1.6
1.6
1.6
1.6
0.95
0.95
0.95
0.95
1.88
1.88
3.75
2.29
2.29
1.2
3.0
3.0
1.5999999999999999
0.9
0.9
3.0
1.88
0.0
0.0
0.0
0.0
0.0
0.0
0.0
0.0
0.0
0.0
0.0
0.0
0.0
0.0
0.0
0.0
0.0
0.0
0.0
2.220446049250313e-16
0.0
0.0
0.0
0.0
0.0
1.0618429555398325
0.0
84.272137458125
0.0
1.0011543096063076
0.0
0.0
87.10937754125
0.0
0.0
0.9471724776512678
0.0
0.9123693257734208
0.0
0.0
0.0
751.1
0.0
0.0
0.0
0.0
0.0
0.0
0.0
0.0
0.0
0.0
0.0
0.0
0.0
0.0
0.0
1.0
1.0
1.0
1.0
1.0
1.0
-0.0
-0.0
-0.0
-0.0
-0.0
-0.0
0.0
-0.0
-0.0
-0.0
-0.0
-0.0
0.34763395625205296
0.0
1.0428279313753157
0.0
1.0796201685210347
0.0
66.80361809218749
0.0
1.1516170603316458
0.0
0.0
0.0
0.0
0.0
0.0
0.0
0.0
0.0
0.0
0.0
0.0
0.0
0.0
0.0
0.0
0.0
0.0
0.0
-0.0
-0.0
-0.0
-0.0
-0.0
-0.0
-0.0
-0.0
-0.0
-0.0
-0.0
-0.0
-0.0
-0.0
-0.0
-0.0
-0.0
-0.0
-0.0
-0.0
-0.0
-0.0
-0.0
-0.0
-0.0
-0.0
-0.0
1.1516170603316458
0.0
0.0
0.0
0.0
0.0
0.0
1.35
4.65
0.0
49.329135703125
0.0
0.0
0.0
0.0
0.0
0.0
0.0
0.0
0.0
1.0
-0.0
-0.0
-0.0
1.0
-0.0
-0.0
-0.0
-0.0
-0.0
0.0
-0.0
-0.0
-0.0
-0.0
1.1827398522102255
0.0
619.0
0.0
2.463658259439381
0.0
2.80874976335818
0.0
2.8179754773033108
0.0
40.71
27.07
0.0
0.0
1.3520958665623797
0.0
2.988796470651619
0.0
1.6424302241423416
0.0
-158.7237396963683
-178.07583347264844
-308.96441472271533
-271.7526055336557
240.94175859764377
-102.45195364743208
-636.0
969.6140907228535
-636.0
110.82872439114814
147.95531186884
-355.1139771143826
-290.7934548964633
-163.8685192631242
-227.92752977146793
151.6228926426003
68.70907074854713
-72.88941111579442
-23.7335178097526
39.88698690561808
-445.1824036731232
-125.21571586021298
343.85047136201325
30.291217845131712
40.21576456883733
-15.143786867944073
-78.6656439178439
-171.10823247614363
-237.17420760761584
-266.1790293796035
-437.61926425350015
156.16797491687709
545.2487106633769
155.7933305544867
43.50608256483622
685.7832216727566
-333.61409072285346
602.2166189615476
192.31292516701944
-115.00245970396409
420.4027917463377
-192.9942003785507
-71.43783852351407
-192.4156188898034
-213.91067028539476
9.992834197280406
-51.585456304072835
-221.4105330408302
26.922618167533454
-206.82956589192327
352.368501451822
-58.21602513377498
-69.24102865127693
-417.1806934340624
-90.27428346999568
-75.15647472338995
-107.85257829339707
-119.08815932074687
-111.42917873473326
-90.0570057820417
-130.4266655609443
-77.09283673535617
-61.27205598542407
-41.63637996375987
-54.2332523890621
-131.72121110575043
-131.72121110575043
-116.26300024915605
-65.38323904293196
18.64443914809815
24.52439203075137
18.066529433075782
-3.3056435196157707
-30.61452960287543
0.5076412169281639
0.5041522739467359
-3.78108603549912
-49.86683245540917
-13.834799149723164
15.78850312896987
-1.5403907413531392
27.975079679392437
-13.726967291775704
-32.61784735215349
-27.900574294195962
-29.301439946409634
-33.41959970211332
-45.72478024006245
-54.06764409671564
-109.63359104287376
-28.70393283049681
-3.4637540663252366
109.68100864918274
-109.68100864918274
-62.79251892673619
-769.5491948858844
-46.88848972244655
-218.20733249815567
-218.20733249815567
-20.55186238564147
-5.061225081248536
-131.8202775991317
38.3068242950763
-41.707407009195556
-47.40845900399808
-30.18670258290132
163.8575799584017
274.58027092974726
-83.17550915453805
83.17550916578375
-83.1755091657842
83.17550916578375
0.0
49.70782894006511
-32.05800929645443
248.78291062243557
-273.31342558019236
-131.7534889437592
-75.17651944849172
-189.81662613729281
45.713924444785576
-38.58741993147392
-130.95264426554513
-60.48764997450974
-84.89379065531138
-137.78498696759723
-137.78498696759723
-221.09817847813724
-526.3804146815937
-253.64993642904454
-355.897280373982
-299.3916673913871
-1026.5669321203575
-1113.8920734201843
176.71059050615716
94.76723501382003
-22.88972716386496
117.7585704382756
222.0522692207725
15.460328083646175
502.92373080190373
160.64293738900315
15.460328083646175
195.84501798045397
172.72675761624532
145.94494783971663
189.90033734583884
-34.69258606973756
116.87586238253425
104.44019143198125
-26.046469209822355
-48.73880830280733
-130.58578245986564
72.76788034333401
-100.41901722723696
15.250054746185327
43.85661515842634
-89.10846371044344
69.94421754013439
-16.811263289715882
129.0864396599113
-108.2947437679374
-3.891286633497657
-30.75077029992198
-38.31353909865057
-70.56644793318867
-66.16443460531303
-142.80907927298554
-63.62550617872239
-327.616678341225
136.06750177124857
-308.59856256208366
127.75082341445902
49.51688074172533
94.48410998730078
0.0
48.62936231028086
-491.67060721346445
-127.32939278653555
141.52424270658105
56.54923398310828
88.70878793040043
-67.78
132.06971520009506
-159.15423695508946
198.33655148511855
3.141592653589793
0.0
2.9830711655361934
0.0
3.0660570241012812
0.0
0.0
0.0
0.0
0.0
0.0
0.0
0.0
0.0
0.0
0.0
0.0
0.0
-0.0
-0.0
-0.0
-0.0
-0.0
-0.0
-0.0
-0.0
-0.0
-0.0
-0.0
-0.0
-0.0
-0.0
0.0
2.797074382268057
0.0
2.7723949656193754
0.0
0.0
0.0
0.0
0.0
0.0
0.0
0.0
0.0
0.0
0.0
-0.0
-0.0
-0.0
-0.0
-0.0
-0.0
-0.0
-0.0
-0.0
-0.0
-0.0
-0.0
-0.0
-0.0
-0.0
2.9026448179773747
0.0
2.8813827362218527
0.0
0.0
0.0
0.0
0.0
0.0
0.0
-0.0
-0.0
-0.0
-0.0
-0.0
-0.0
-0.0
0.0
0.0
2.5132300503382092
0.0
2.3192500503624567
0.0
636.0
0.0
0.0
0.0
0.0
0.0
0.0
0.0
0.0
0.0
0.0
0.0
0.0
0.0
-0.0
-0.0
-0.0
-0.0
-0.0
-0.0
-0.0
-0.0
-0.0
-0.0
-0.0
-0.0
2.114458050355084
0.0
2.873519536501849
0.0
3.0
3.0
1.3
1.3
3.0
1.35
1.35
1.35
0.71
0.71
0.71
1.57
0.65
0.65
0.65
0.65
0.45
0.45
0.45
0.45
1.0
0.9999999999999964
1.0
1.9
1.9
1.9
1.9
1.8999999999999972
1.9
1.9
4.6
3.0
3.0
4.6
3.0
0.0
126.98
320.0
0.0
0.0
943.5
140.0
0.0
0.0
0.0
0.0
0.0
0.0
0.0
0.0
0.0
0.0
0.0
0.0
0.0
0.0
0.0
0.0
0.0
0.0
0.0
0.0
0.0
3.552713678800501e-15
0.0
0.0
0.0
0.0
0.0
0.0
0.0
0.0
0.0
0.0
0.0
0.0
0.0
0.0
0.0
0.0
-0.0
0.0
0.0
0.0
2.8039618301814033
0.0
2.984600605630553
0.0
2.852801186281144
0.0
37.34319029375
0.0
2.807227163792794
4.433786671143025e-12
2.83733295327174
0.0
2.6120199327641833
0.0
0.0
0.0
0.0
20.0
61.039519166875
0.0
0.0
0.0
0.0
0.0
-0.0
-0.0
-0.0
-0.0
-0.0
-0.0
2.7865713792597284
0.0
62.6
44.577687194687506
0.0
0.0
2.801578647918349
5.002220859751105e-12
2.847924454689205
1.4210854715202004e-14
2.7806153682654418
0.0
2.6140358745545225
0.0
2.23592842554126
9.237055564881302e-14
62.6
4.6
30.4
0.3095594939687499
0.8282586120312501
0.7300078985624998
0.30282004509374993
0.09200707075
0.0
0.0
0.0
0.0
0.0
2.220446049250313e-16
0.0
0.0
2.106433505195293
0.0
154.4
0.0
672.3
0.0
0.0
0.0
0.0
0.0
0.0
0.0
0.0
0.0
0.0
0.0
-0.0
-0.0
0.0
-0.0
-0.0
-0.0
0.0
-0.0
0.0
1.8811613947877999
0.0
0.0
677.8
100.05
0.0
0.0
0.0
0.0
0.0
0.0
0.0
0.0
0.0
0.0
0.0
1.0
-0.0
-0.0
-0.0
-0.0
0.0
-0.0
-0.0
-0.0
-0.0
-0.0
-0.0
-0.0
-0.0
-0.0
1.817941157104907
0.0
0.8296600243125
0.41882138053125006
1.2281846885937497
1.1378809021874998
1.28467650959375
0.30766160478125004
0.0
0.0
0.0
0.0
0.0
0.0
2.7756063168185077
8.810729923425242e-12
2.9091659952077267
0.0
2.95057565124019
0.0
2.3445638731752876
0.0
11.308709287875
2.6741796596562497
0.0
0.0
2.912639643498455
2.842170943040401e-14
0.8
240.73778585000002
0.0
0.0
2.7232218721608685
0.0
2.568419807489902
0.0
3.0
3.0
3.0
7.5
0.0
0.1
0.4
0.48
0.24
0.49
0.05
0.05
0.0
0.0
0.0
0.0
0.0
0.0
0.0
0.0
0.0
0.0
0.0
0.0
0.0
0.0
-0.0
-0.0
-0.0
2.2741614854394605
0.0
2.2803329929333893
0.0
0.0
0.0
2.16
0.0
0.0
0.0
-0.0
-0.0
-0.0
2.2813551048065848
0.0
2.2547091462370425
0.0
2.1222875292776107
0.0
2.1936102238194084
0.0
0.0
0.0
0.0
-0.0
-0.0
2.1393687287296417
0.0
2.1030574355365173
0.0
0.0
7.43
0.0
0.0
0.0
-0.0
-0.0
1.943172339083164
0.0
2.1239070810761724
0.0
1.8521825598882833
0.0
1.7353237928094167
0.0
0.0
7.43
0.0
0.0
1.6312848195311525
0.0
1.5538280432392988
0.0
1.5528386235657414
0.0
0.0
98.2
0.0
82.0
0.0
0.0
0.0
0.0
-0.0
-0.0
-0.0
1.5199021983203935
0.0
1.5341721272102178
0.0
1.5540755964730526
0.0
1.5647864384847139
0.0
1.559672926419675
0.0
0.0
0.0
74.519413773125
0.0
0.0
0.0
-0.0
-0.0
-0.0
-0.0
-0.0
-0.0
1.5225855891641469
1.9753088054130785e-12
0.0
0.0
22.0
8.978301048499999
0.0
0.0
0.0
0.0
-0.0
-0.0
-0.0
-0.0
-0.0
-0.0
1.5198056669168265
0.0
75.0
75.0
0.0
0.0
0.0
0.0
-0.0
-0.0
-0.0
1.5177024409848037
1.4850343177386094e-12
1.5325888600852764
0.0
1.5444200423953438
0.0
97.98
97.98
46.7
0.0
0.0
0.0
1.4470240729945671
3.126388037344441e-13
1.3804773864535596
0.0
97.98
97.98
27.07
0.0
0.0
0.0
1.3656826315157455
7.389644451905042e-13
0.0
97.98
0.0
0.0
-0.0
-0.0
-0.0
1.364325696298473
0.0
1.404534064601344
0.0
1.3825185162121736
0.0
636.0
6.91
0.0
0.0
0.0
0.0
0.0
0.0
-0.0
-0.0
-0.0
-0.0
-0.0
-0.0
1.3682468186621468
1.1474909911157738e-10
596.4
77.0
0.0
0.0
1.3194272183738633
0.0
1.3583285151322226
0.0
1.3623028855367614
0.0
74.05
74.05
87.71
87.71
37.09094824968749
0.0
0.0
0.0
0.0
0.0
1.423197440314138
0.0
320.0
0.0
1.77036473797854
5.542233338928781e-13
1.7993573047780365
0.0
0.0
0.0
1.9463618687965394
0.0
1.7993573047780365
0.0
100.0
0.0
1.8371777617455123
0.0
1.726518962993124
9.379164112033322e-13
77.0
60.8
9.36960660265625
0.0
0.0
0.0
1.5427863391934498
0.0
60.8
41.55
0.0
0.0
0.0
0.0
0.0
0.0
-0.0
-0.0
-0.0
-0.0
-0.0
-0.0
1.3487969493072811
0.0
1.3544940002844725
0.0
1.3451626370122307
7.105427357601002e-15
140.0
27.07
80.67
80.67
0.0
0.0
0.0
0.0
1.2856837945230424
0.0
1.335245094654119
0.0
5.253647340656251
29.617593877812503
1.8387994722500003
0.0
0.0
0.0
1.1616665629783465
0.0
0.9689151516441358
0.0
0.6343730678570823
0.0
0.0
0.0
0.0
0.0
0.0
0.0
0.0
0.0
-0.0
0.0
0.0
0.0
-0.0
-0.0
-0.0
-0.0
-0.0
-0.0
-0.0
-0.0
0.4426109080578529
5.684341886080802e-14
-0.824310463334099
0.0
599.3009595161425
518.0
0.0
0.0
-3.141592653589793
0.0
0.6248822379437611
0.0
336.5
595.0
0.0
0.0
0.6100669788446381
0.0
0.0
0.0
0.0
0.0
0.0
0.0
0.0
0.0
-0.0
-0.0
-0.0
-0.0
-0.0
-0.0
0.8317117807282801
0.0
0.0
0.0
0.0
0.0
0.0
0.0
-0.0
-0.0
-0.0
-0.0
-0.0
-0.0
-0.0
-0.0
-0.0
0.8450976045543636
0.0
0.0
0.0
0.0
0.0
152.955112228125
0.0
0.0
0.0
0.0
0.0
0.8654645518149411
0.0
1.0301984565111677
0.0
1.1358885376052923
5.826450433232822e-13
1.2173959095312774
0.0
1.224637005630326
1.6626700016786344e-12
1.2624204979306741
0.0
1.2348449157379164
0.0
110.0
41.55
41.55
7.43
0.0
0.0
0.0
0.0
1.0201751140613993
0.0
0.0
14.974291926354894
0.0
0.0
0.0
0.0
0.0
0.0
31.3424862003125
51.57930134196875
0.0
5.025708073645106
0.0
0.0
0.0
0.0
0.0
0.0
0.0
0.0
1.0
-0.0
0.0
-0.0
-0.0
-0.0
-0.0
-0.0
-0.0
-0.0
-0.0
-0.0
-0.0
-0.0
0.0
0.0
-0.0
-0.0
-0.0
-0.0
-0.0
1.0784202966819865
0.0
1.0579043000292316
0.0
0.9372840214116218
0.0
1.2
1.2
1.6
1.6
1.6
1.6
0.95
0.95
0.95
0.95
1.88
1.88
3.75
2.29
2.29
1.2
3.0
3.0
1.6
0.9
0.9
3.0
1.88
0.0
0.0
0.0
0.0
0.0
0.0
0.0
0.0
0.0
0.0
0.0
0.0
0.0
0.0
0.0
0.0
0.0
0.0
0.0
0.0
0.0
0.0
0.0
0.0
0.0
1.0816742197452942
0.0
76.358997743125
0.0
1.0256305466873081
0.0
0.0
82.36682099625
0.0
0.0
0.971636593316591
0.0
0.9350807072910481
0.0
0.0
0.0
751.1
0.0
0.0
0.0
0.0
0.0
0.0
0.0
0.0
0.0
0.0
0.0
0.0
0.0
0.0
0.0
0.0
1.0
1.0
0.0
1.0
1.0
-0.0
-0.0
-0.0
-0.0
-0.0
-0.0
1.0
0.0
0.0
1.0
0.0
0.0
0.37117167978605203
0.0
1.068591331675477
0.0
1.1059169902824024
0.0
62.8867147159375
0.0
1.1793372897541556
1.4210854715202004e-14
0.0
0.0
0.0
0.0
0.0
0.0
0.0
0.0
0.0
0.0
0.0
0.0
0.0
0.0
0.0
0.0
0.0
0.0
-0.0
-0.0
-0.0
-0.0
-0.0
-0.0
-0.0
-0.0
-0.0
-0.0
-0.0
-0.0
-0.0
-0.0
-0.0
-0.0
-0.0
-0.0
-0.0
-0.0
-0.0
-0.0
-0.0
-0.0
-0.0
-0.0
-0.0
1.1793372897541556
0.0
0.0
0.0
0.0
0.0
0.0
1.35
4.65
0.0
46.900068196875
-0.0
0.0
0.0
0.0
0.0
0.0
0.0
0.0
0.0
-0.0
-0.0
-0.0
-0.0
1.0
-0.0
-0.0
-0.0
-0.0
-0.0
1.0
-0.0
-0.0
-0.0
-0.0
1.2119830224204533
0.0
619.0
0.0
2.4641195525553052
0.0
2.809188996138845
0.0
2.8183044810477873
0.0
40.71
27.07
0.0
0.0
1.35955779553624
0.0
2.9888762658338233
0.0
1.6502880686657853
0.0
-158.68016822166288
-178.15006954552706
-309.26587277070223
-271.90931340155885
241.20343031188787
-102.22154690808719
-636.0
970.6551133970765
-636.0
111.11214277456355
148.2764969129148
-354.88625671425507
-290.7619079760331
-163.80949619992361
-227.7085472096723
151.9576868968464
69.07971159786672
-72.57505803822471
-23.371293582834156
40.013337025888475
-446.69846908502313
-125.10439784936592
345.6464287386125
30.44070721945485
39.61180065881165
-14.336334706770685
-79.28043162609237
-171.73143680679323
-237.80342704856167
-263.2010575874342
-443.45878844182505
165.498004397866
548.7392159560409
156.21015012611937
43.91267871692244
689.319741307756
-334.65511339707655
612.3519956021339
192.33506764376648
-114.61029528262492
422.63091639034724
-192.3023058514856
-69.38337039393946
-191.96732821768194
-213.5292155810597
10.020704639553278
-51.557035616384894
-220.92300087831921
26.841863313171864
-206.9397787035996
353.1243119359579
-57.640492845902514
-68.6550104166782
-411.62285910270145
-89.65536378563526
-74.56117697526065
-107.21114187710282
-118.43340477374787
-110.727188745353
-89.38394072463944
-129.69896452124559
-76.72490654285032
-60.989587631136935
-41.50592379118141
-54.28135187024874
-131.04338722466895
-131.04338722466895
-115.81806155277508
-65.22064405671595
18.975969267775895
24.94408624284178
18.215717705741092
-3.127530314972475
-30.399456765063277
0.9285089423526642
0.9221274377592874
-3.9319975209579803
-51.13244167592893
-13.928648555830435
15.410371734102625
-1.1815426305271863
27.65797246477783
-13.429143361202396
-32.95312523789528
-28.158712346566972
-29.57253890515063
-33.726410532437015
-45.89426657908742
-54.227627655259084
-109.59077731111424
-28.79089153726477
-3.6088702585884675
110.07774194585267
-110.07774194585267
-62.820465292215886
-764.7471710386594
-47.25727665363679
-218.1447007379818
-218.1447007379818
-20.59563207414965
-5.125795868584762
-131.9448656585232
38.32640074805279
-37.14958203365824
-47.02325519214394
-29.847147531959138
164.57987779479748
273.3600769000104
-81.6692022279929
81.66920223903514
-81.66920223903504
81.66920223903514
0.0
50.501151750296685
-31.09629431782605
248.62419890278125
-272.55861759545934
-131.0739120899679
-73.66385248196298
-188.95548459936674
45.943959493294685
-38.24329210179869
-130.13021604347023
-60.10776646238189
-84.48699214510687
-133.94945982845573
-133.94945982845573
-219.37911652972684
-525.9247238836847
-253.44097257405986
-355.61097540893905
-299.16093562909344
-1030.0173751390987
-1117.3009595161425
178.697382247877
96.79541664295448
-20.807948172592603
117.89617121093062
222.31173707691968
16.011750990763915
505.73776830859947
161.54179187391208
16.011750990763915
194.261680063197
171.15442138492904
144.3853567304331
187.80500440207086
-33.54219170231352
118.81215595782396
102.12712084039299
-24.907169809271608
-47.07303591083555
-128.88770896093158
72.1883880804175
-99.08317400371789
13.23783564798319
42.69321164542892
-87.38805534209129
71.64229103906845
-16.25673268754683
128.4784787309726
-107.69667734232098
6.197948692789396
-25.8773284271077
-35.381106727790666
-67.71546241935641
-62.59370715655098
-142.84114651023273
-66.82977335933013
-328.1229035495694
137.91570182121308
-308.1470095476991
129.60298126575242
53.86821290743248
96.35209904390982
0.0
51.00895729109014
-491.36338936682085
-127.63661063317915
140.4691568177678
57.62235387212618
87.64889335171029
-67.78
132.08173975437023
-158.48418779056655
197.61347328208703
3.141592653589793
0.0
2.983211196285977
0.0
3.0660654056513477
0.0
0.0
0.0
0.0
0.0
0.0
0.0
0.0
0.0
0.0
0.0
0.0
0.0
-0.0
-0.0
-0.0
0.0
-0.0
-0.0
-0.0
-0.0
-0.0
-0.0
-0.0
-0.0
-0.0
0.0
-0.0
2.797080280214611
0.0
2.772383559205939
2.2737367544323206e-13
0.0
0.0
0.0
0.0
0.0
0.0
0.0
0.0
0.0
0.0
-0.0
-0.0
-0.0
-0.0
-0.0
-0.0
-0.0
-0.0
-0.0
-0.0
-0.0
-0.0
-0.0
-0.0
-0.0
2.9027161956429532
0.0
2.881519919677236
0.0
0.0
0.0
0.0
0.0
0.0
0.0
-0.0
-0.0
-0.0
-0.0
-0.0
-0.0
-0.0
0.0
-0.0
2.513024396607959
0.0
2.3190443966322065
0.0
636.0
0.0
0.0
0.0
0.0
0.0
0.0
0.0
0.0
0.0
0.0
0.0
0.0
0.0
-0.0
-0.0
-0.0
-0.0
-0.0
-0.0
-0.0
-0.0
-0.0
-0.0
-0.0
-0.0
2.114252396624834
0.0
2.873739359041383
4.661160346586257e-12
3.0
3.0
1.3
1.3
3.0
1.35
1.35
1.35
0.71
0.71
0.71
1.57
0.65
0.65
0.65
0.65
0.45
0.45
0.45
0.45
1.0
1.0
1.0
1.9
1.9
1.9
1.9
1.9
1.9
1.9
4.6
3.0
3.0
4.6
3.0
0.0
126.98
320.0
0.0
0.0
943.5
140.0
0.0
0.0
0.0
0.0
0.0
0.0
0.0
0.0
0.0
0.0
0.0
0.0
0.0
0.0
0.0
0.0
0.0
0.0
0.0
0.0
0.0
0.0
0.0
0.0
0.0
0.0
0.0
0.0
0.0
0.0
0.0
0.0
0.0
0.0
0.0
0.0
0.0
0.0
-0.0
0.0
0.0
0.0
2.8042268398965065
0.0
2.9852875077779264
0.0
2.8536405441221864
0.0
35.947943537499995
0.0
2.8097362530944947
1.5631940186722204e-12
2.8379044695520386
0.0
2.6133945464943165
2.8421709430404007e-13
0.0
0.0
0.0
20.0
58.408478891875
0.0
0.0
0.0
0.0
0.0
-0.0
0.0
-0.0
-0.0
-0.0
0.0
2.789450608943235
0.0
62.6
42.53955115593751
0.0
0.0
2.8047223959121643
0.0
2.849783273813493
0.0
2.7815897198797526
0.0
2.6140422857954437
0.0
2.2343980963896155
5.568523420151905e-11
62.6
4.6
30.4
0.3096396339687499
0.84161942278125
0.7381217708125
0.30704033821874993
0.09333303712499996
0.0
0.0
0.0
0.0
0.0
0.0
0.0
4.163336342344337e-17
2.1080735922094807
0.0
154.4
0.0
672.3
0.0
0.0
0.0
0.0
0.0
0.0
0.0
0.0
0.0
0.0
0.0
-0.0
-0.0
-0.0
-0.0
-0.0
-0.0
-0.0
-0.0
0.0
1.8713639472206736
0.0
0.0
677.8
133.75663338668926
0.0
0.0
0.0
0.0
0.0
0.0
0.0
0.0
0.0
0.0
0.0
1.0
-0.0
-0.0
0.0
-0.0
-0.0
-0.0
-0.0
0.0
-0.0
-0.0
-0.0
-0.0
-0.0
-0.0
1.802065363687174
0.0
0.8457143989375
0.4185288702812501
1.2457614092187497
1.1538498391874998
1.30304486484375
0.31442525178125
0.0
0.0
0.0
0.0
0.0
0.0
2.774901012694642
1.0800249583553523e-12
2.9090774645018898
0.0
2.951217658078722
0.0
2.3439915503526096
0.0
11.51530933925
2.7282054557812496
0.0
0.0
2.9135629895456647
0.0
0.8
231.22036400000002
0.0
0.0
2.7250875993680035
0.0
2.572762662206618
0.0
3.0
3.0
3.0
7.5
0.0
0.09999999999999909
0.4
0.48
0.24
0.49
0.05
0.05
0.0
0.0
0.0
0.0
0.0
0.0
0.0
0.0
0.0
0.0
0.0
0.0
0.0
0.0
-0.0
-0.0
-0.0
2.280636205248674
0.0
2.2867930085967787
0.0
0.0
0.0
2.16
0.0
0.0
0.0
-0.0
-0.0
-0.0
2.2878172874956997
0.0
2.261172111353613
1.7763568394002505e-11
2.1282218487046323
0.0
2.2015511185949506
0.0
0.0
0.0
0.0
-0.0
-0.0
2.148165833196229
0.0
2.112534738503933
0.0
0.0
7.43
0.0
0.0
0.0
-0.0
-0.0
1.9545739589022102
0.0
2.133019284128805
0.0
1.8651793537022217
0.0
1.7497580215353141
0.0
0.0
7.43
0.0
0.0
1.6467612447217495
0.0
1.5700089281806517
0.0
1.5687603592433612
0.0
0.0
98.2
0.0
82.0
0.0
0.0
0.0
0.0
-0.0
-0.0
-0.0
1.5359507556905123
0.0
1.5506420017428366
0.0
1.5710881261284242
1.7763568394002505e-15
1.5819483637153904
0.0
1.577273097626819
0.0
0.0
0.0
70.726232815625
0.0
0.0
0.0
-0.0
-0.0
-0.0
-0.0
-0.0
-0.0
1.540534541424238
1.5489831639570184e-12
0.0
0.0
22.0
8.542346316
0.0
0.0
0.0
0.0
-0.0
-0.0
-0.0
-0.0
-0.0
-0.0
1.5376357943356336
0.0
75.0
75.0
0.0
0.0
0.0
0.0
-0.0
-0.0
-0.0
1.5355036913036766
2.0534685063466895e-12
1.5498271610034398
1.887379141862766e-15
1.5617652861659135
0.0
97.98
97.98
46.7
0.0
0.0
0.0
1.4640688979793097
6.821210263296962e-13
1.397161164024502
0.0
97.98
97.98
27.07
0.0
0.0
0.0
1.382360422982313
5.115907697472721e-13
0.0
97.98
0.0
0.0
-0.0
-0.0
-0.0
1.380928613398577
4.53859172466764e-13
1.4213212538204452
0.0
1.3991722153972705
7.105427357601002e-15
636.0
6.91
0.0
0.0
0.0
0.0
0.0
0.0
-0.0
-0.0
-0.0
-0.0
-0.0
-0.0
1.3846717991309436
3.3928415632544784e-12
596.4
77.0
0.0
0.0
1.3357317513200357
0.0
1.374759849027789
0.0
1.3803611144477352
0.0
74.05
74.05
87.71
87.71
35.711149455937495
0.0
0.0
0.0
0.0
0.0
1.4415807167465111
0.0
320.0
0.0
1.7853189823420272
1.1652900866465643e-12
1.8131629401841205
0.0
0.0
0.0
1.9543435714622595
0.0
1.8131629401841205
0.0
100.0
0.0
1.8544545188962154
0.0
1.7445900076416394
5.684341886080802e-14
77.0
60.8
9.00392655815625
0.0
0.0
0.0
1.5628072569952343
0.0
60.8
41.55
0.0
0.0
0.0
0.0
0.0
0.0
-0.0
-0.0
-0.0
-0.0
-0.0
-0.0
1.3711879570268017
0.0
1.3769925885132186
0.0
1.3678863576545324
0.0
140.0
27.07
80.67
80.67
0.0
0.0
0.0
0.0
1.3090783807162292
0.0
1.355187841346586
0.0
5.407340158156249
30.095041372437503
1.9499344462500001
1.7763568394002505e-15
0.0
0.0
1.1873716866099264
0.0
0.994654600325447
0.0
0.6601245617748698
0.0
0.0
0.0
0.0
0.0
0.0
0.0
0.0
0.0
-0.0
0.0
0.0
0.0
-0.0
-0.0
-0.0
-0.0
-0.0
-0.0
-0.0
-0.0
0.46833472648725544
0.0
-0.8080859141561597
0.0
569.6237893986904
555.5
0.0
0.0
-3.141592653589793
0.0
0.6545048248501524
0.0
336.5
595.0
0.0
0.0
0.6422485655898045
3.979039320256561e-13
0.0
0.0
0.0
0.0
0.0
0.0
0.0
0.0
-0.0
-0.0
-0.0
-0.0
-0.0
-0.0
0.8646368945324049
0.0
0.0
0.0
0.0
0.0
0.0
0.0
-0.0
-0.0
-0.0
-0.0
-0.0
-0.0
-0.0
-0.0
-0.0
0.8786667711886528
0.0
0.0
0.0
0.0
0.0
143.963259790625
0.0
0.0
0.0
0.0
0.0
0.9000136648608534
0.0
1.0634771221088863
0.0
1.168028778917086
1.1226575225009583e-12
1.2477404202774396
0.0
1.2526090014981643
1.0516032489249483e-12
1.288160153027628
0.0
1.2627594171872187
0.0
110.0
41.55
41.55
7.43
0.0
0.0
0.0
0.0
1.0522158764002223
0.0
0.0
20.0
0.0
0.0
0.0
0.0
0.0
0.0
29.748879930312505
52.62913451171875
0.0
0.0
0.0
0.0
0.0
0.0
0.0
0.0
0.0
0.0
1.0
0.0
0.0
-0.0
-0.0
-0.0
-0.0
-0.0
-0.0
-0.0
-0.0
-0.0
-0.0
-0.0
0.0
-0.0
0.0
-0.0
-0.0
-0.0
-0.0
1.1138733605776292
0.0
1.0930505378484163
0.0
0.9720408036459952
1.4210854715202004e-14
1.2
1.2
1.6
1.6
1.6
1.6
0.95
0.95
0.95
0.9499999999999988
1.88
1.88
3.75
2.29
2.29
1.2
3.0
3.0
1.6
0.9
0.9
3.0
1.88
0.0
0.0
0.0
0.0
0.0
0.0
0.0
0.0
0.0
0.0
1.1102230246251565e-15
0.0
0.0
0.0
0.0
0.0
0.0
0.0
0.0
0.0
0.0
0.0
0.0
0.0
0.0
1.1226146586025159
0.0
69.998172960625
0.0
1.0708792813889203
0.0
0.0
77.52772688625
0.0
0.0
1.0172558373114784
1.9895196601282805e-13
0.9790572577771814
2.842170943040401e-14
0.0
0.0
751.1
0.0
0.0
0.0
0.0
0.0
0.0
0.0
0.0
0.0
0.0
0.0
0.0
0.0
0.0
0.0
0.0
0.0
0.0
0.0
0.0
0.0
-0.0
-0.0
-0.0
-0.0
-0.0
-0.0
-0.0
1.0
1.0
-0.0
1.0
1.0
0.41608976974363815
0.0
1.1157987942330092
0.0
1.1537723641813271
0.0
58.9028825559375
0.0
1.2288779449977734
7.105427357601002e-15
0.0
0.0
0.0
0.0
0.0
0.0
0.0
0.0
0.0
0.0
0.0
0.0
0.0
0.0
0.0
0.0
0.0
0.0
-0.0
-0.0
-0.0
-0.0
-0.0
-0.0
-0.0
-0.0
-0.0
-0.0
-0.0
-0.0
-0.0
-0.0
-0.0
-0.0
-0.0
-0.0
-0.0
-0.0
-0.0
-0.0
-0.0
-0.0
-0.0
-0.0
-0.0
1.2288779449977734
0.0
0.0
0.0
0.0
0.0
0.0
1.35
4.65
0.0
44.232901505625
-0.0
0.0
0.0
0.0
0.0
0.0
0.0
0.0
0.0
-0.0
-0.0
-0.0
-0.0
0.0
-0.0
-0.0
-0.0
-0.0
-0.0
-0.0
-0.0
-0.0
-0.0
1.0
1.2633067380590086
0.0
619.0
0.0
2.4655575833410257
0.0
2.8099444122132566
0.0
2.8188738252126617
0.0
40.71
27.07
0.0
0.0
1.3776160244472138
0.0
2.989053471734982
0.0
1.6692675905214733
0.0
-158.53999730095876
-178.13030173876768
-309.4827193871072
-271.92763558998695
241.3567341619272
-101.90517291862136
-636.0
971.3826314375632
-636.0
111.42307968294412
148.6155422985421
-354.6557099001402
-290.5590200453672
-163.6491035967756
-227.3325876222076
152.59664668865116
69.89208518476761
-71.82948227946622
-22.515021038941327
40.38085089291109
-449.2945230240248
-124.65848033137459
348.62586627034597
30.977255516246146
38.51357085579821
-12.725525843528885
-80.32220725663309
-172.72931348034203
-238.76993044009663
-256.75712229167146
-453.7926864611777
181.40990452950916
554.3172180683314
156.93152254469754
44.68737388583804
694.3376190219096
-335.3826314375632
630.14672885718
192.04634871675887
-113.76032788487589
425.57632520095376
-191.34557370980275
-65.97803088334422
-190.4932402634902
-212.18064399586217
10.041949989801566
-51.551101102940926
-219.42996538549022
26.795083014291052
-207.06482862530538
354.534033774932
-56.246219582743926
-67.2656417560428
-399.5735216022928
-88.24014115579446
-73.16446547482312
-105.78790944414777
-117.00798488372956
-109.14422592497442
-87.81494414919175
-128.10358726108714
-75.95632507925328
-60.43489491400819
-41.27030977688367
-54.49307598422332
-129.6047068683919
-129.6047068683919
-114.95014292685302
-64.96951199233631
19.536231451933684
25.64771564813643
18.469791813386525
-2.8594899623961503
-30.11357065610678
1.5860850287614312
1.5751841010106644
-4.1000666033966615
-52.6790588616841
-14.119887628232282
14.827608379539871
-0.6080901040140142
27.18591599672365
-12.966397721197792
-33.34742409326361
-28.460077021517804
-29.889034860822697
-34.09031342128639
-46.14326479549632
-54.4723166673881
-109.63511882500028
-28.935027848895814
-3.808004211941807
110.74519211587395
-110.74519211587395
-62.73056871955396
-754.1075553772248
-48.01462339631998
-217.8661636584452
-217.8661636584452
-20.73250553924686
-5.2724481801550676
-132.2703995034899
38.451327791793645
-26.94177927005149
-46.23045767918638
-29.126555228814482
165.45838460948622
270.66005164893
-78.43368403908029
78.43368404968521
-78.43368404968491
78.43368404968521
0.0
52.25664138534576
-28.88579766164048
248.3682712111097
-270.60224444829237
-129.47249998333172
-69.69580170261293
-186.79442253266905
46.81154424511
-37.32061827569183
-128.06098207725154
-59.15197743982349
-83.53405812426824
-124.6201638795377
-124.6201638795377
-215.49386926909915
-525.8310675406406
-253.4318473949108
-355.6215363899588
-299.20411111797983
-1037.7403582705467
-1125.1237893986904
182.51970428428564
100.52823069843248
-17.213847275493976
118.29166432738504
223.05750142887342
16.782149113096807
510.4259392016347
163.03927846504584
16.782149113096807
192.763510902615
169.62981902157503
142.83013229563056
183.6673763714476
-31.02713144128961
123.08927338511194
97.33052079060758
-22.396389397361453
-42.8879291923271
-124.690536074734
72.49481209723234
-93.37141092823049
8.900514115160178
40.17079269488613
-83.1765679417286
75.83946392526603
-16.49985953100301
128.84997996263894
-108.0444055430621
16.650091478055856
-21.07552901272416
-32.66122298770161
-64.83619771918245
-58.87166061054842
-141.86096319450579
-69.83286935356091
-328.50604783222565
140.1749031910511
-307.6325071043121
131.85267342322035
58.61185128896565
98.56375435189739
0.0
53.794989158180194
-491.152701474515
-127.84729852548497
138.65492294088597
59.342527000925884
85.85974037545972
-67.78
132.01902274440852
-156.59546178813065
195.69914249894413
3.141592653589793
0.0
2.983371206972511
0.0
3.066065307228258
0.0
0.0
0.0
0.0
0.0
0.0
0.0
0.0
0.0
0.0
0.0
0.0
0.0
-0.0
-0.0
-0.0
-0.0
-0.0
-0.0
-0.0
-0.0
-0.0
-0.0
-0.0
-0.0
-0.0
0.0
-0.0
2.797037028547822
0.0
2.7723145464748598
0.0
0.0
0.0
0.0
0.0
0.0
0.0
0.0
0.0
0.0
0.0
-0.0
-0.0
-0.0
-0.0
-0.0
-0.0
-0.0
-0.0
-0.0
-0.0
-0.0
-0.0
-0.0
-0.0
-0.0
2.90277458956103
0.0
2.881661307338062
0.0
0.0
0.0
0.0
0.0
0.0
0.0
-0.0
-0.0
-0.0
-0.0
-0.0
-0.0
-0.0
-0.0
-0.0
2.512666778385909
0.0
2.3186867784101564
0.0
636.0
0.0
0.0
0.0
0.0
0.0
0.0
0.0
0.0
0.0
0.0
0.0
0.0
0.0
-0.0
-0.0
-0.0
-0.0
-0.0
-0.0
-0.0
-0.0
-0.0
-0.0
-0.0
-0.0
2.1138947784027837
0.0
2.873982941899384
9.691802915767767e-12
3.0
3.0
1.3
1.3
3.0
1.35
1.35
1.35
0.71
0.71
0.71
1.57
0.65
0.65
0.65
0.65
0.45
0.45
0.45
0.45
1.0
1.0
1.0
1.9
1.9
1.9
1.9
1.9
1.9
1.9
4.6
3.0
3.0
4.6
3.0
0.0
126.98
320.0
0.0
0.0
943.5
140.0
0.0
0.0
0.0
0.0
0.0
0.0
0.0
0.0
0.0
0.0
0.0
0.0
0.0
0.0
0.0
0.0
0.0
0.0
0.0
0.0
0.0
0.0
0.0
0.0
0.0
0.0
0.0
0.0
0.0
0.0
0.0
0.0
0.0
0.0
0.0
0.0
0.0
0.0
0.0
0.0
0.0
0.0
2.8045241495093616
0.0
2.986131000527234
0.0
2.854663444742766
0.0
34.55269678125
0.0
2.8128460331523844
7.958078640513122e-13
2.8384730650660117
0.0
2.614690181405393
7.815970093361102e-13
3.268496584496461e-12
0.0
0.0
20.0
55.777438616875
0.0
0.0
0.0
0.0
0.0
-0.0
-0.0
-0.0
-0.0
-0.0
0.0
2.7926637596750385
5.684341886080802e-14
62.6
40.501415117187506
0.0
0.0
2.808603153339657
0.0
2.8517941008490757
0.0
2.782291578300823
0.0
2.6132912025809527
0.0
2.231315270713667
4.924061158817494e-12
62.6
4.6
30.4
0.30971977396874995
0.8549802335312501
0.7462356430625
0.31126063134375
0.0946590035
0.0
0.0
0.0
0.0
0.0
0.0
0.0
0.0
2.1109681987113675
0.0
154.4
0.0
672.3
0.0
0.0
0.0
0.0
0.0
0.0
0.0
0.0
0.0
0.0
0.0
-0.0
-0.0
-0.0
-0.0
-0.0
-0.0
-0.0
-0.0
0.0
1.8553396949782535
0.0
0.0
677.8
100.05
0.0
0.0
85.78487643830978
0.0
0.0
0.0
0.0
0.0
0.0
0.0
0.0
1.0
-0.0
-0.0
1.0
-0.0
-0.0
-0.0
-0.0
1.0
-0.0
-0.0
-0.0
-0.0
-0.0
-0.0
1.7769169588943674
0.0
0.8617687735625
0.4182363600312501
1.2633381298437498
1.1698187761874999
1.3214132200937498
0.32118889878125
0.0
0.0
0.0
0.0
0.0
0.0
2.77144150606553
0.0
2.906708648539599
0.0
2.95010207435729
0.0
2.3430891487318455
0.0
11.721909390625001
2.78223125190625
0.0
0.0
2.9129122147514215
0.0
0.8
221.70294215
0.0
0.0
2.7249829445602063
0.0
2.5797027702994066
0.0
3.0
3.0
3.0
7.5
0.0
0.1
0.4
0.48
0.23999999999999994
0.49
0.05
0.05
0.0
0.0
0.0
0.0
0.0
0.0
0.0
0.0
0.0
0.0
0.0
0.0
0.0
0.0
-0.0
-0.0
-0.0
2.2919570543830385
0.0
2.298112024017294
0.0
0.0
0.0
2.16
0.0
0.0
0.0
-0.0
-0.0
-0.0
2.2991349218769095
0.0
2.272511364348095
2.4729729375394527e-10
2.1389008621298347
0.0
2.2155988854260107
0.0
0.0
0.0
0.0
-0.0
-0.0
2.163772171442327
0.0
2.1293830490019907
0.0
0.0
7.43
0.0
0.0
0.0
-0.0
-0.0
1.9749038646172767
0.0
2.1491763488279076
0.0
1.8884308182741525
0.0
1.775625420615996
0.0
0.0
7.43
0.0
0.0
1.6745490969192232
0.0
1.599138244804635
0.0
1.5972696573764302
0.0
0.0
98.2
0.0
82.0
0.0
0.0
0.0
0.0
-0.0
-0.0
-0.0
1.564660657739104
0.0
1.5798583948880338
0.0
1.6009497706383848
1.7763568394002505e-15
1.6119846528661155
0.0
1.607817840614596
0.0
0.0
0.0
66.933051858125
0.0
0.0
0.0
-0.0
-0.0
-0.0
-0.0
-0.0
-0.0
1.5714804529817312
5.4285465012071654e-12
0.0
0.0
22.0
8.106391583499999
0.0
0.0
0.0
0.0
-0.0
-0.0
-0.0
-0.0
-0.0
-0.0
1.5684871909811393
0.0
75.0
75.0
0.0
0.0
0.0
0.0
-0.0
-0.0
-0.0
1.5663126451979894
0.0
1.57996375323591
0.0
1.5920273155864872
0.0
97.98
97.98
46.7
0.0
0.0
0.0
1.49440306623233
4.547473508864641e-13
1.4272394880443713
0.0
97.98
97.98
27.07
0.0
0.0
0.0
1.4124471083352816
2.8421709430404007e-13
0.0
97.98
0.0
0.0
-0.0
-0.0
-0.0
1.4109071581219257
3.6770586575585185e-13
1.4515249843139522
0.0
1.4293083615594264
7.105427357601002e-15
636.0
6.91
0.0
0.0
0.0
0.0
0.0
0.0
-0.0
-0.0
-0.0
-0.0
-0.0
-0.0
1.4147616286407279
0.0
596.4
77.0
0.0
0.0
1.3652785640413743
0.0
1.404495406893395
0.0
1.4138110515724505
0.0
74.05
74.05
87.71
87.71
34.331350662187496
0.0
0.0
0.0
0.0
0.0
1.475581854208512
0.0
320.0
0.0
1.813266436121187
0.0
1.8389490912209296
0.0
0.0
0.0
1.9691710043714703
1.4210854715202004e-13
1.8389490912209296
0.0
100.0
0.0
1.8868868523890343
0.0
1.778480212133545
1.4210854715202004e-12
77.0
60.8
8.638246513656249
0.0
0.0
0.0
1.6003777091816436
0.0
60.8
41.55
0.0
0.0
0.0
0.0
0.0
0.0
-0.0
-0.0
-0.0
-0.0
-0.0
-0.0
1.413626991151286
0.0
1.4196742594266663
0.0
1.4110589168868086
0.0
140.0
27.07
80.67
80.67
0.0
0.0
0.0
0.0
1.353688576636209
0.0
1.392578988745179
0.0
5.56103297565625
30.5724888670625
2.06106942025
0.0
3.552713678800501e-15
0.0
1.2361797944799915
0.0
1.0431584303364316
0.0
0.708115910226262
0.0
0.0
0.0
0.0
0.0
0.0
0.0
0.0
0.0
-0.0
-0.0
0.0
0.0
-0.0
-0.0
-0.0
-0.0
-0.0
0.0
-0.0
-0.0
0.5160436860590524
0.0
-0.7780607648779411
0.0
601.7888595908553
537.81185809876
0.0
55.18814190123999
-3.141592653589793
0.0
0.7090332747717922
0.0
336.5
595.0
0.0
0.0
0.7013747937556947
1.7053025658242404e-13
0.0
0.0
0.0
0.0
0.0
0.0
0.0
0.0
-0.0
-0.0
-0.0
-0.0
-0.0
-0.0
0.9249613795119127
0.0
0.0
0.0
0.0
0.0
0.0
0.0
-0.0
-0.0
-0.0
-0.0
-0.0
-0.0
-0.0
-0.0
-0.0
0.9402188165813005
0.0
0.0
0.0
0.0
0.0
134.971407353125
0.0
0.0
0.0
0.0
0.0
0.9634334816001454
0.0
1.1260889329392625
0.0
1.2299013484882377
3.836930773104541e-13
1.3059407823526032
0.0
1.3060717959746044
2.0037305148434825e-12
1.3373105945501758
0.0
1.3173414504702792
0.0
110.0
41.55
41.55
7.43
0.0
0.0
0.0
0.0
1.115860426354021
0.0
0.0
0.0
0.0
0.0
0.0
0.0
0.0
0.0
28.1552736603125
53.67896768146875
0.0
0.0
0.0
0.0
0.0
0.0
0.0
0.0
0.0
0.0
-0.0
-0.0
-0.0
-0.0
-0.0
-0.0
-0.0
-0.0
-0.0
-0.0
-0.0
-0.0
-0.0
-0.0
1.0
0.0
0.0
-0.0
-0.0
-0.0
-0.0
1.1850300123910973
0.0
1.1609683337003593
0.0
1.0369670254733911
0.0
1.2
1.2
1.6
1.6
1.6
1.6
0.95
0.95
0.95
0.95
1.8799999999999952
1.88
3.75
2.29
2.29
1.2
3.0
3.0
1.6
0.9
0.9
3.0
1.88
0.0
0.0
0.0
0.0
0.0
0.0
0.0
0.0
0.0
0.0
0.0
4.6629367034256575e-15
0.0
0.0
0.0
0.0
0.0
0.0
0.0
0.0
0.0
0.0
0.0
0.0
0.0
1.1992586853775629
0.0
63.637348178125
0.0
1.151831604008358
0.0
0.0
72.68863277624999
0.0
0.0
1.0985786692241912
2.5579538487363607e-13
1.0587373961811402
0.0
0.0
0.0
751.1
0.0
0.0
0.0
0.0
0.0
0.0
0.0
0.0
0.0
0.0
0.0
0.0
0.0
0.0
0.0
-0.0
-0.0
-0.0
-0.0
-0.0
-0.0
-0.0
-0.0
-0.0
-0.0
-0.0
-0.0
0.0
0.0
0.0
0.0
0.0
0.0
0.4967114476190488
0.0
1.1987098447083675
0.0
1.2373313259980776
0.0
54.919050395937504
0.0
1.3141221881592173
7.105427357601002e-15
0.0
0.0
0.0
0.0
0.0
0.0
0.0
0.0
0.0
0.0
0.0
0.0
0.0
0.0
0.0
0.0
0.0
0.0
-0.0
-0.0
-0.0
-0.0
-0.0
-0.0
-0.0
-0.0
-0.0
-0.0
-0.0
-0.0
-0.0
-0.0
-0.0
-0.0
-0.0
-0.0
-0.0
-0.0
-0.0
-0.0
-0.0
-0.0
-0.0
-0.0
-0.0
1.3141221881592173
0.0
0.0
0.0
0.0
0.0
0.0
1.35
4.65
0.0
41.565734814375
0.0
0.0
0.0
0.0
0.0
0.0
0.0
0.0
0.0
-0.0
-0.0
-0.0
-0.0
-0.0
-0.0
-0.0
-0.0
-0.0
-0.0
-0.0
-0.0
-0.0
-0.0
0.0
1.3503340416153904
0.0
619.0
0.0
2.4666724000601783
0.0
2.808400209388707
0.0
2.8170876017270414
0.0
40.71
27.07
0.0
0.0
1.411065961571929
0.0
2.989262977533892
0.0
1.7048782821271915
0.0
-158.37982644356762
-178.13053386869527
-309.80553974160387
-271.99144513441934
241.59267240112442
-101.50616453999768
-636.0
972.4635508793865
-636.0
111.83999032941642
149.07389360223533
-354.3815938039643
-290.3361321780143
-163.46322357431063
-226.8739936455851
153.41731685454502
70.91838081096849
-70.90219614661859
-21.44482645574851
40.70613374786415
-453.4458849152279
-124.2547938254528
352.4229273018672
32.33142731282845
36.9153397516026
-10.768730489198788
-81.86398418835593
-174.22719145507293
-240.2364351328137
-244.6078698989122
-469.96946966926686
205.2951206290022
562.0256509597352
158.20718414301848
46.01635823449642
700.0026616305613
-336.4635508793865
658.3397558093075
190.80104500257227
-112.35607130738411
428.1593008020118
-190.79113717555612
-61.53451853809884
-187.41419843479423
-209.16846111854989
10.028410388764412
-51.51038163821151
-216.33197601815698
26.783087666695693
-206.8690428794216
356.29467262656453
-53.69101785016371
-64.72571005881456
-378.1264567006406
-85.66399005653204
-70.61421444453876
-103.2067250350251
-114.42902546386443
-106.25327243163679
-84.93795690078501
-125.20021932796963
-74.54006171887113
-59.378623712036855
-40.8885923506434
-55.16413930484926
-127.01028075910762
-127.01028075910762
-113.42191552475708
-64.57227651601411
20.209756846334074
26.488403576143757
18.76680650854507
-2.5485090223067104
-29.784743959637165
2.3597907410820653
2.3435722484357084
-4.23375106165348
-54.11317051823062
-14.400965450689206
14.131581814734519
0.07862563274176182
26.619741593469904
-12.409534145993623
-33.61421140441951
-28.649234647529852
-30.08768994084198
-34.32999293589881
-46.31970909421766
-54.63730526743075
-109.57318302426674
-29.112887557458833
-4.095612269432877
111.08311377262882
-111.08311377262882
-62.915123977735675
-734.4211293272051
-48.16798979489314
-216.95548827990433
-216.95548827990433
-20.930547741990836
-5.48012925514894
-133.73801244539618
38.637283598958064
-5.941106676733776
-44.47674247473486
-27.493457879042523
166.94811525096318
265.89337158371995
-72.34550730186211
72.3455073116437
-72.34550731164384
72.3455073116437
0.0
55.646573141634306
-24.671080843828804
248.2773425471023
-267.011429179886
-126.18291759262202
-61.34144857144952
-182.517869439513
48.76829254319439
-35.308780903315906
-123.58435981872208
-57.08420430121514
-81.49196055716054
-105.10922192769695
-105.10922192769695
-208.02719430075854
-526.6612936225824
-253.82009100067495
-356.15861101105094
-299.6446553917795
-1052.1174398103717
-1139.6007176896153
189.20547913732693
107.12780792066951
-10.756293561762703
118.92903497290602
224.25936382959634
18.250522813265377
518.9280947933796
165.75502076302504
18.250522813265377
191.81067374588991
168.65054866200035
141.82023986468494
175.20606877861246
-26.1630662999396
131.8717009451002
87.65298903765506
-17.53531273310029
-33.65474644899277
-115.45055838848798
75.11746805421302
-77.3643725797292
0.23951302012528686
35.298077491992345
-73.91700451654003
85.07944161151205
-19.06630641004901
131.54480122989509
-110.71545377939302
27.102234263322316
-16.27372959834042
-29.941339247612536
-61.956933019008375
-55.14961406454584
-140.88077987877858
-72.83596534779213
-328.8891921148815
142.43410456088915
-307.1180046609256
134.1023655806883
63.35548967049883
100.77540965988499
0.0
56.58102102527027
-491.75342636459123
-127.24657363540877
136.30272029928403
61.60066889444565
83.53261863448907
-67.78
131.9563057344468
-153.0185655016212
192.09664143172768
3.141592653589793
0.0
2.9835060089776566
0.0
3.066075044068242
0.0
0.0
0.0
0.0
0.0
0.0
0.0
0.0
0.0
0.0
0.0
0.0
0.0
-0.0
-0.0
-0.0
-0.0
-0.0
-0.0
-0.0
-0.0
-0.0
-0.0
-0.0
-0.0
-0.0
-0.0
-0.0
2.797051510481166
0.0
2.7723132175133456
3.410605131648481e-13
0.0
0.0
0.0
0.0
0.0
0.0
0.0
0.0
0.0
0.0
-0.0
-0.0
-0.0
-0.0
-0.0
-0.0
-0.0
-0.0
-0.0
-0.0
-0.0
-0.0
-0.0
-0.0
-0.0
2.9028472964913115
0.0
2.881796018280019
2.842170943040401e-14
0.0
0.0
0.0
0.0
0.0
0.0
-0.0
-0.0
-0.0
-0.0
-0.0
-0.0
-0.0
-0.0
-0.0
2.5124886292819837
0.0
2.318508629306231
0.0
636.0
0.0
0.0
0.0
0.0
0.0
0.0
0.0
0.0
0.0
0.0
0.0
0.0
0.0
-0.0
-0.0
-0.0
-0.0
-0.0
-0.0
-0.0
-0.0
-0.0
-0.0
-0.0
-0.0
2.1137166292988585
0.0
2.874197647754979
9.606537787476555e-12
3.0
3.0
1.3
1.3
3.0
1.35
1.35
1.35
0.71
0.71
0.71
1.57
0.65
0.65
0.65
0.65
0.45
0.45
0.45
0.45
1.0
1.0
1.0
1.9
1.9
1.9
1.9
1.9
1.9
1.9
4.6
3.0
2.9999999999999973
4.6
3.0
0.0
126.98
320.0
0.0
0.0
943.5
140.0
0.0
0.0
0.0
0.0
0.0
0.0
0.0
0.0
0.0
0.0
0.0
0.0
0.0
0.0
0.0
0.0
0.0
0.0
0.0
0.0
0.0
0.0
0.0
0.0
0.0
0.0
0.0
0.0
0.0
0.0
0.0
0.0
0.0
0.0
0.0
0.0
0.0
0.0
0.0
0.0
0.0
0.0
2.8047802141750835
0.0
2.986794177134637
0.0
2.855472776407145
0.0
33.285259855625
0.0
2.815265861186139
4.604316927725449e-12
2.8390157046318056
0.0
2.6159910776584656
0.0
3.7694292132073315e-12
0.0
0.0
20.0
53.34516581312501
0.0
0.0
0.0
0.0
0.0
-0.0
-0.0
-0.0
-0.0
-0.0
-0.0
2.795398031778698
0.0
62.6
38.655501477499996
0.0
0.0
2.811629207151431
0.0
2.853583985993781
0.0
2.7832317677396046
0.0
2.6133026366757948
0.0
2.229853560055388
6.212985681486316e-11
62.6
4.6
30.4
0.31189539059375004
0.8687378858750001
0.75456565421875
0.31552523878125
0.09604316334374999
0.0
0.0
0.0
0.0
0.0
0.0
0.0
0.0
2.11290757109231
0.0
154.4
0.0
672.3
0.0
0.0
0.0
0.0
0.0
0.0
0.0
0.0
0.0
0.0
0.0
-0.0
-0.0
-0.0
-0.0
-0.0
-0.0
-0.0
-0.0
-0.0
1.8455242479584326
0.0
0.0
677.8
100.05000000000003
0.0
0.0
119.54695848096003
0.0
0.0
0.0
0.0
0.0
0.0
0.0
0.0
1.0
-0.0
-0.0
1.0
-0.0
-0.0
-0.0
-0.0
-0.0
-0.0
-0.0
-0.0
-0.0
-0.0
-0.0
1.7610326128268372
0.0
0.8784000523750004
0.42100719171875
1.2816867202499995
1.18649583296875
1.3406225218124999
0.3294813458124999
0.0
0.0
6.661338147750939e-16
0.0
0.0
0.0
2.77050140876772
6.536993168992922e-13
2.9063897803319096
0.0
2.9505180173765044
0.0
2.342577226774814
0.0
11.944779724406247
2.83724681015625
0.0
0.0
2.9136106796674968
0.0
0.8
212.81835990312499
0.0
0.0
2.7265473559251223
2.842170943040401e-14
2.5840852642181362
0.0
3.0
3.0
3.0
7.5
0.0
0.09999999999999998
0.4
0.48
0.24
0.49
0.05
0.04999999999999993
0.0
0.0
0.0
0.0
0.0
0.0
0.0
0.0
0.0
0.0
0.0
0.0
0.0
0.0
-0.0
-0.0
-0.0
2.29863983709201
0.0
2.304773475498158
0.0
0.0
0.0
2.16
0.0
0.0
0.0
-0.0
-0.0
-0.0
2.305797784057797
0.0
2.279197947548445
3.851141627819743e-12
2.145160784335768
0.0
2.223793949282668
0.0
0.0
0.0
0.0
-0.0
-0.0
2.172858237117695
0.0
2.139170803629579
0.0
0.0
7.43
0.0
0.0
0.0
-0.0
-0.0
1.9867285782268949
0.0
2.158598307871962
0.0
1.9019327544859093
0.0
1.7906518451401392
0.0
0.0
7.43
0.0
0.0
1.6907175478159324
0.0
1.616122840434589
0.0
1.6139125783213526
0.0
0.0
98.2
0.0
82.0
0.0
0.0
0.0
0.0
-0.0
-0.0
-0.0
1.5814489223597923
0.0
1.5970170802602366
0.0
1.6185866325178302
0.0
1.6297494406849484
0.0
1.625992443367684
0.0
0.0
0.0
63.21189622062501
0.0
0.0
0.0
-0.0
-0.0
-0.0
-0.0
-0.0
-0.0
1.5900124343294724
5.684341886080802e-14
0.0
0.0
22.0
7.676750170343751
0.0
0.0
0.0
0.0
-0.0
-0.0
-0.0
-0.0
-0.0
-0.0
1.5869010448584577
0.0
75.0
75.0
0.0
0.0
0.0
0.0
-0.0
-0.0
-0.0
1.5847005987681808
4.639844064513454e-12
1.5978243743667286
0.0
1.6099755798208994
0.0
97.98
97.98
46.7
0.0
0.0
0.0
1.5121492712501554
7.105427357601002e-13
1.444732022220517
0.0
97.98
97.98
27.07
0.0
0.0
0.0
1.429953075616949
1.2505552149377763e-12
0.0
97.98
0.0
0.0
-0.0
-0.0
-0.0
1.4283261682143513
0.0
1.4691430630966975
0.0
1.446860053691875
0.0
636.0
6.91
0.0
0.0
0.0
0.0
0.0
0.0
-0.0
-0.0
-0.0
-0.0
-0.0
-0.0
1.432264602695919
0.0
596.4
77.0
0.0
0.0
1.382482746126486
0.0
1.4217714072301808
0.0
1.4332418523846517
0.0
74.05
74.05
87.71
87.71
32.97177092031251
0.0
0.0
0.0
0.0
0.0
1.4953979735491565
0.0
320.0
0.0
1.8294903776474696
7.247535904753022e-13
1.8539407066117664
0.0
0.0
0.0
1.9779142055559118
3.694822225952521e-13
1.8539407066117664
0.0
100.0
0.0
1.905636214771871
0.0
1.79808509108147
5.115907697472721e-13
77.0
60.8
8.31813972578125
0.0
0.0
0.0
1.6220863843705304
0.0
60.8
41.55
0.0
0.0
0.0
0.0
0.0
0.0
-0.0
-0.0
-0.0
-0.0
-0.0
-0.0
1.4381267290261754
0.0
1.4442958172424236
0.0
1.435952032400223
0.0
140.0
27.07
80.67
80.67
0.0
0.0
0.0
0.0
1.3794156764870409
0.0
1.4142333077493585
0.0
5.73925633459375
31.077226027156247
2.154973892156253
0.0
0.0
0.0
1.2644343648138618
0.0
1.071397424862186
0.0
0.7363207504434135
0.0
0.0
0.0
0.0
0.0
0.0
0.0
0.0
0.0
-0.0
0.0
0.0
0.0
-0.0
-0.0
-0.0
-0.0
-0.0
-0.0
-0.0
-0.0
0.5442237681406239
0.0
-0.7603526585730941
1.4210854715202004e-13
517.6388595908553
630.5
0.0
0.0
-3.1415926535897927
0.0
0.741510403099381
0.0
336.5
595.0
0.0
0.0
0.7368118165214006
0.0
0.0
0.0
0.0
0.0
0.0
0.0
0.0
0.0
-0.0
-0.0
-0.0
-0.0
-0.0
-0.0
0.9611006948417654
2.842170943040401e-14
0.0
0.0
0.0
0.0
0.0
0.0
-0.0
-0.0
-0.0
-0.0
-0.0
-0.0
-0.0
-0.0
-0.0
0.9771837306076944
0.0
0.0
0.0
0.0
0.0
125.65978661375001
0.0
0.0
0.0
0.0
0.0
1.0016545697200676
0.0
1.1631272779612292
0.0
1.2659085594789286
7.105427357601002e-13
1.3397395449035148
0.0
1.3370604708580702
6.394884621840902e-13
1.365726819035708
0.0
1.3486451424781714
0.0
110.0
41.55
41.55
7.43
0.0
0.0
0.0
0.0
1.1522934738233885
0.0
0.0
0.0
0.0
0.0
0.0
0.0
0.0
0.0
26.652265569687508
54.46041304290625
0.0
0.0
0.0
0.0
0.0
0.0
0.0
0.0
0.0
0.0
-0.0
-0.0
-0.0
-0.0
-0.0
-0.0
-0.0
-0.0
-0.0
-0.0
-0.0
-0.0
-0.0
-0.0
-0.0
-0.0
-0.0
-0.0
-0.0
-0.0
-0.0
1.2256882712268093
0.0
1.2006005503134385
0.0
1.0756600904709488
0.0
1.2
1.2
1.6
1.6
1.6
1.6
0.95
0.95
0.95
0.95
1.88
1.88
3.75
2.29
2.29
1.2
3.0
3.0
1.6
0.9
0.8999999999999999
3.0
1.88
0.0
0.0
0.0
0.0
0.0
0.0
0.0
0.0
0.0
0.0
0.0
0.0
0.0
0.0
0.0
0.0
0.0
0.0
0.0
0.0
0.0
0.0
0.0
0.0
0.0
1.2454850700154507
0.0
56.498481456875
0.0
1.202600789467792
0.0
0.0
67.6711712628125
0.0
0.0
1.1495902868882208
0.0
1.1079936304671436
0.0
0.0
0.0
751.1
0.0
0.0
0.0
0.0
0.0
0.0
0.0
0.0
0.0
0.0
0.0
0.0
0.0
0.0
0.0
-0.0
-0.0
-0.0
-0.0
-0.0
-0.0
-0.0
-0.0
-0.0
-0.0
-0.0
-0.0
-0.0
-0.0
-0.0
-0.0
-0.0
-0.0
0.546874673952621
0.0
1.2512718820265085
0.0
1.2905278605011026
0.0
50.7410454075
0.0
1.3689904307784986
0.0
0.0
0.0
0.0
0.0
0.0
0.0
0.0
0.0
0.0
0.0
0.0
0.0
0.0
0.0
0.0
0.0
0.0
0.0
-0.0
-0.0
-0.0
-0.0
-0.0
-0.0
-0.0
-0.0
-0.0
-0.0
-0.0
-0.0
-0.0
-0.0
-0.0
-0.0
-0.0
-0.0
-0.0
-0.0
-0.0
-0.0
-0.0
-0.0
-0.0
-0.0
-0.0
1.3689904307784986
0.0
0.0
0.0
0.0
0.0
0.0
1.35
4.65
0.0
38.857470845625
0.0
0.0
0.0
0.0
0.0
0.0
0.0
0.0
0.0
-0.0
-0.0
-0.0
-0.0
-0.0
-0.0
-0.0
-0.0
-0.0
-0.0
-0.0
-0.0
-0.0
-0.0
-0.0
1.406954118283795
0.0
619.0
0.0
2.468007323790155
0.0
2.8088826388064803
0.0
2.8173887401153475
0.0
40.71
27.07
0.0
0.0
1.4304967623841303
0.0
2.989432356962748
0.0
1.7254549191662611
0.0
-158.24488950147975
-178.1075696234501
-310.003671256108
-272.0016912469182
241.72977590446055
-101.20806833000222
-636.0
973.1257986037608
-636.0
112.13101347220274
149.39066019627444
-354.1705794665977
-290.13927720959214
-163.30926868322382
-226.5170709285817
154.0308199349543
71.70093667894045
-70.1834353338412
-20.618930881742614
41.04974873584938
-456.0063695387098
-123.83377401015944
355.26129532311404
32.923276619370995
35.858785335305924
-9.23008638254396
-82.86480363036137
-175.18467119104443
-241.16294126683727
-237.69509949468213
-480.4116401211945
221.18229091025148
567.4706507890569
158.93376787398353
46.79558541038362
704.6748735129468
-337.1257986037608
676.2146675707086
190.41561228537233
-111.50253083355786
430.78386456876
-189.9120037252992
-58.21728852188926
-185.8364927394776
-207.6880040751323
10.0422407811546
-51.459814798190465
-214.7093779325377
26.708757338017524
-206.82861212008356
357.43243527848324
-52.26792289140568
-63.297446680918966
-365.586004545999
-84.191259777657
-69.17337470716524
-101.71019610929216
-112.92016695874
-104.59069004875153
-83.30846473243909
-123.50822342142538
-73.6978593792706
-58.73599006381486
-40.63754999709163
-55.47826891967509
-125.47357765980347
-125.47357765980347
-112.47468966640344
-64.28446725704264
20.70233763290689
27.10781763363141
18.98436762993847
-2.2978576863739626
-29.491810685348124
2.9631529302939725
2.942787618585034
-4.400833763806977
-55.62131478598894
-14.572490663443869
13.585689020548285
0.6024582884137466
26.164576649762235
-11.976429340800205
-33.95689624084571
-28.904911361618588
-30.3562039794625
-34.63937609602614
-46.49465450226873
-54.797463758210824
-109.47367853892948
-29.243946530200617
-4.326881389748905
111.41504702411252
-111.41504702411252
-63.085739092609856
-723.0184398244822
-48.32930793150267
-216.50291214879553
-216.50291214879553
-21.029092699467697
-5.602359815524826
-134.54555831056496
38.708040497160724
6.107810554579379
-43.45747548025668
-26.558934817353816
167.9895166793028
263.0648851157298
-68.8741660762787
68.87416608559056
-68.87416608559093
68.87416608559056
0.0
57.55543244360261
-22.27325288506836
248.10419468422765
-264.9042455221966
-124.29706442633609
-56.70420249794438
-180.0692156489523
49.750711421157135
-34.19583951940395
-121.05371656948273
-55.91528813362752
-80.30732371461728
-94.10170612472342
-94.10170612472342
-203.6252805136494
-526.7037924168894
-253.84596547689011
-356.19841671658133
-299.6832796282414
-1060.63124125506
-1148.1388595908552
193.41826957475885
111.32257132204171
-6.5991384521141185
119.30259484744016
224.96376961103041
19.23808106287862
524.4410954953491
167.51597291610778
19.23808106287862
190.41592952662506
167.24936060553603
140.41158681606
170.1174779045121
-23.27209100702339
137.03038877499012
81.8779187195978
-14.656164300768504
-28.49123519259996
-110.25349643778418
75.94362761877187
-69.34532457123214
-4.897758767078358
32.391353878057785
-68.69098952871687
90.27650356221585
-19.879335112568498
132.38912480364624
-111.55398200757747
37.70818817355439
-11.31739301840179
-27.07340943609011
-59.01217423361686
-51.39503963216803
-140.23942484004596
-76.04507572827242
-329.3527939347771
144.63953792426645
-306.6223805912447
136.30548080583895
68.1220963890392
102.96925233212892
0.0
59.318261727025245
-491.64037826857094
-127.35962173142906
134.53477594132133
63.275750791645095
81.78943565891242
-67.78
131.8943877081125
-150.9982784098471
190.01568895057943
3.141592653589793
0.0
2.9836500521345655
0.0
3.066081722654724
0.0
0.0
0.0
0.0
0.0
0.0
0.0
0.0
0.0
0.0
0.0
0.0
0.0
-0.0
-0.0
-0.0
-0.0
-0.0
-0.0
-0.0
-0.0
-0.0
-0.0
-0.0
-0.0
-0.0
-0.0
-0.0
2.7970475381132514
0.0
2.772290242494749
0.0
0.0
0.0
0.0
0.0
0.0
0.0
0.0
0.0
0.0
0.0
-0.0
-0.0
-0.0
-0.0
-0.0
-0.0
-0.0
-0.0
-0.0
-0.0
-0.0
-0.0
-0.0
-0.0
-0.0
2.9029160667371747
0.0
2.881934046031561
0.0
0.0
0.0
0.0
0.0
0.0
0.0
-0.0
-0.0
-0.0
-0.0
-0.0
-0.0
-0.0
-0.0
-0.0
2.5122524577669476
0.0
2.318272457791195
0.0
636.0
0.0
0.0
0.0
0.0
0.0
0.0
0.0
0.0
0.0
0.0
0.0
0.0
0.0
-0.0
-0.0
-0.0
-0.0
-0.0
-0.0
-0.0
-0.0
-0.0
-0.0
-0.0
-0.0
2.1134804577838224
0.0
2.8744222418847514
6.821210263296962e-12
3.0
3.0
1.3
1.3
3.0
1.35
1.35
1.35
0.71
0.71
0.71
1.57
0.65
0.65
0.65
0.6499999999999997
0.45
0.45
0.45
0.45
1.0
1.0
1.0
1.9
1.9
1.9
1.9
1.9
1.8999999999999968
1.9
4.6
3.0
3.0
4.6
3.0
0.0
126.98
320.0
0.0
0.0
943.5
140.0
0.0
0.0
0.0
0.0
0.0
0.0
0.0
0.0
0.0
0.0
0.0
0.0
0.0
0.0
0.0
3.3306690738754696e-16
0.0
0.0
0.0
0.0
0.0
0.0
0.0
0.0
0.0
0.0
0.0
0.0
0.0
0.0
0.0
0.0
0.0
0.0
0.0
0.0
0.0
0.0
-0.0
0.0
0.0
0.0
2.805051710414218
0.0
2.9875125260906255
0.0
2.8563489936419773
0.0
31.890013099374997
0.0
2.8178955822946867
0.0
2.8395866343585134
0.0
2.61734983071895
0.0
3.268496584496461e-12
0.0
0.0
20.0
50.714125538125
0.0
0.0
0.0
0.0
0.0
-0.0
-0.0
-0.0
-0.0
-0.0
-0.0
2.7983443200925975
0.0
62.6
36.61736543875
0.0
0.0
2.8149209627160783
0.0
2.8554733316224468
0.0
2.784151396776771
0.0
2.6131569265066923
0.0
2.2280114557367416
3.2230218494078144e-11
62.6
4.6
30.4
0.31197553059375005
0.882098696625
0.7626795264687499
0.31974553190625
0.09736912971874989
0.0
0.0
0.0
0.0
0.0
0.0
0.0
9.71445146547012e-17
2.114799592984816
0.0
154.4
0.0
672.3
0.0
0.0
0.0
0.0
0.0
0.0
0.0
0.0
0.0
0.0
0.0
-0.0
-0.0
-0.0
-0.0
-0.0
-0.0
-0.0
-0.0
-0.0
1.8344763221857638
0.0
0.0
677.8
156.94301183265986
0.0
0.0
100.05
0.0
0.0
0.0
0.0
0.0
0.0
0.0
0.0
1.0
-0.0
-0.0
1.0
-0.0
-0.0
-0.0
-0.0
-0.0
-0.0
-0.0
-0.0
-0.0
-0.0
-0.0
1.7432946767793454
0.0
0.8944544269999998
0.42071468146875
1.2992634408750001
1.20246476996875
1.3589908770624999
0.33624499281249987
2.220446049250313e-16
0.0
0.0
0.0
0.0
0.0
2.7692430007027546
1.0231815394945443e-12
2.9058433186062067
0.0
2.950807061691866
0.0
2.3419386169293985
0.0
12.151379775781248
2.89127260628125
0.0
0.0
2.9142179079130845
0.0
0.8
203.30093805312498
0.0
0.0
2.7280173874432765
0.0
2.58894970406726
0.0
3.0
2.9999999999999996
3.0
7.5
0.0
0.09999999999999964
0.4
0.48
0.24
0.49
0.05
0.05
0.0
0.0
4.440892098500626e-16
0.0
0.0
0.0
0.0
0.0
0.0
0.0
0.0
0.0
0.0
0.0
-0.0
-0.0
-0.0
2.3060877653794374
0.0
2.3122092843032593
0.0
0.0
0.0
2.16
0.0
0.0
0.0
-0.0
-0.0
-0.0
2.3132350473597674
0.0
2.286640177638505
0.0
2.1520479418147573
0.0
2.232961237177586
0.0
0.0
0.0
0.0
-0.0
-0.0
2.183022784258617
1.4210854715202004e-14
2.150128365694659
0.0
0.0
7.43
0.0
0.0
0.0
-0.0
-0.0
1.9999231926086531
0.0
2.1691252728144024
0.0
1.9169889098755812
0.0
1.807382103867699
0.0
0.0
7.43
0.0
0.0
1.7086663761015555
0.0
1.6349040529049992
0.0
1.6323621711154765
0.0
0.0
98.2
0.0
82.0
0.0
0.0
0.0
0.0
-0.0
-0.0
-0.0
1.6000401539262268
0.0
1.616046733773064
0.0
1.6381795447167689
1.7763568394002505e-15
1.6494968190223018
0.0
1.646192166951375
0.0
0.0
0.0
59.41871526312501
0.0
0.0
0.0
-0.0
-0.0
-0.0
-0.0
-0.0
-0.0
1.6105714595222227
1.7621459846850485e-12
0.0
0.0
22.0
7.240795437843751
0.0
0.0
0.0
0.0
-0.0
-0.0
-0.0
-0.0
-0.0
-0.0
1.6073461271740064
0.0
75.0
75.0
0.0
0.0
0.0
0.0
-0.0
-0.0
-0.0
1.605114079705111
2.9949376312288223e-12
1.6176529335342715
0.0
1.629914795906879
0.0
97.98
97.98
46.7
0.0
0.0
0.0
1.5318628862467685
0.0
1.4641057168968332
0.0
97.98
97.98
27.07
0.0
0.0
0.0
1.4493236654672998
7.958078640513122e-13
0.0
97.98
0.0
0.0
-0.0
-0.0
-0.0
1.4476152031069498
0.0
1.4886245864619083
0.0
1.466221322325795
0.0
636.0
6.91
0.0
0.0
0.0
0.0
0.0
0.0
-0.0
-0.0
-0.0
-0.0
-0.0
-0.0
1.4514337829267663
4.803268893738277e-12
596.4
77.0
0.0
0.0
1.4014466177085017
0.0
1.4408745195071286
0.0
1.4543910720479922
0.0
74.05
74.05
87.71
87.71
31.591972126562503
0.0
0.0
0.0
0.0
0.0
1.5169176571524148
0.0
320.0
0.0
1.8470539418856555
1.0444978215673473e-12
1.870152290890401
0.0
0.0
0.0
1.9872706801821276
0.0
1.870152290890401
0.0
100.0
0.0
1.9259565422443508
0.0
1.8193329680937298
0.0
77.0
60.8
7.952459681281249
0.0
0.0
0.0
1.6456316314890564
0.0
60.8
41.55
0.0
0.0
0.0
0.0
0.0
0.0
-0.0
-0.0
-0.0
-0.0
-0.0
-0.0
1.4645438177603898
0.0
1.470847608732854
0.0
1.462782325886993
1.4210854715202004e-14
140.0
27.07
80.67
80.67
0.0
0.0
0.0
0.0
1.4070708198947548
0.0
1.4376800739098525
0.0
5.892949152093751
31.554673521781247
2.26610886615625
0.0
0.0
0.0
1.2947790716317515
0.0
1.1017084578797003
0.0
0.766538492275139
0.0
0.0
0.0
0.0
0.0
0.0
0.0
0.0
0.0
-0.0
-0.0
0.0
0.0
-0.0
-0.0
-0.0
-0.0
-0.0
-0.0
-0.0
-0.0
0.5743626824788921
0.0
-0.7413566478590203
0.0
489.29797758134544
668.0
0.0
0.0
-3.141592653589793
0.0
0.7761346305771757
0.0
336.5
595.0
0.0
0.0
0.7744044750141952
0.0
0.0
0.0
0.0
0.0
0.0
0.0
0.0
0.0
-0.0
-0.0
-0.0
-0.0
-0.0
-0.0
0.9995282000473925
0.0
0.0
0.0
0.0
0.0
0.0
0.0
-0.0
-0.0
-0.0
-0.0
-0.0
-0.0
-0.0
-0.0
-0.0
1.0163724696943508
0.0
0.0
0.0
0.0
0.0
116.66793417625001
0.0
0.0
0.0
0.0
0.0
1.0420015498316564
0.0
1.202296678973063
0.0
1.304019700864077
4.689582056016661e-13
1.3756781182233202
0.0
1.3701515751237647
2.3092638912203256e-13
1.3961678707122966
0.0
1.3819150660253239
0.0
110.0
41.55
41.55
7.43
0.0
0.0
0.0
0.0
1.1906809660968056
0.0
0.0
0.0
0.0
0.0
0.0
0.0
0.0
0.0
25.0586592996875
55.51024621265625
0.0
0.0
0.0
0.0
0.0
0.0
0.0
0.0
0.0
0.0
-0.0
-0.0
-0.0
-0.0
-0.0
-0.0
-0.0
-0.0
-0.0
-0.0
-0.0
-0.0
-0.0
-0.0
-0.0
-0.0
-0.0
-0.0
-0.0
-0.0
-0.0
1.2683113943879059
0.0
1.2423280318400132
0.0
1.1164755542693163
0.0
1.2
1.2
1.6
1.6
1.6
1.6
0.95
0.95
0.95
0.95
1.88
1.88
3.75
2.29
2.29
1.2
3.0
3.0
1.6
0.9
0.9
3.0
1.88
0.0
0.0
0.0
0.0
0.0
0.0
0.0
0.0
0.0
0.0
0.0
0.0
0.0
0.0
0.0
0.0
0.0
0.0
0.0
0.0
0.0
0.0
0.0
0.0
0.0
1.2935955681381262
0.0
50.137656674374995
0.0
1.2550195834348583
0.0
0.0
62.8320771528125
0.0
0.0
1.202379590148562
0.0
1.159140240218731
5.684341886080802e-14
0.0
0.0
751.1
0.0
0.0
0.0
0.0
0.0
0.0
0.0
0.0
0.0
0.0
0.0
0.0
0.0
0.0
0.0
-0.0
-0.0
-0.0
-0.0
-0.0
-0.0
-0.0
-0.0
-0.0
-0.0
-0.0
-0.0
-0.0
-0.0
-0.0
-0.0
-0.0
-0.0
0.598962823175661
0.0
1.3056494038494948
0.0
1.345553293665481
0.0
46.757213247500005
0.0
1.4257011452875705
7.105427357601002e-15
0.0
0.0
0.0
0.0
0.0
0.0
0.0
0.0
0.0
0.0
0.0
0.0
0.0
0.0
0.0
0.0
0.0
0.0
-0.0
-0.0
-0.0
-0.0
-0.0
-0.0
-0.0
-0.0
-0.0
-0.0
-0.0
-0.0
-0.0
-0.0
-0.0
-0.0
-0.0
-0.0
-0.0
-0.0
-0.0
-0.0
-0.0
-0.0
-0.0
-0.0
-0.0
1.4257011452875705
0.0
0.0
0.0
0.0
0.0
0.0
1.35
4.65
0.0
36.190304154375006
-0.0
0.0
0.0
0.0
0.0
0.0
0.0
0.0
0.0
-0.0
-0.0
-0.0
-0.0
-0.0
-0.0
-0.0
-0.0
-0.0
-0.0
-0.0
-0.0
-0.0
-0.0
-0.0
1.4654478931878043
0.0
619.0
0.0
2.4693804461409696
0.0
2.809176241243875
0.0
2.8174850349134735
0.0
40.71
27.07
0.0
0.0
1.4516459820474708
0.0
2.9896160493879376
0.0
1.7477743426875336
0.0
-158.10070215722726
-178.0918182402391
-310.2417997107498
-272.0291482886546
241.89967454236177
-100.87509955267456
-636.0
973.9242873544624
-636.0
112.46323221882008
149.7536648126943
-353.9312829902756
-289.9323728553779
-163.14375765031627
-226.1245165532552
154.7062711335658
72.556270477664
-69.40136816827598
-19.71969812602714
41.40878169445505
-458.9147632407994
-123.39633740058508
358.40492948860685
33.62402154992117
34.66014436438249
-7.549795884822743
-84.00699042881206
-176.28295903250321
-242.22985582628223
-230.10541207439945
-491.91891693872185
238.69540681210935
573.4764898733874
159.76645365070289
47.68159393744041
709.8227160546667
-337.9242873544624
696.0976050205504
189.93479026689593
-110.54125007766767
433.65648888502574
-189.03606131694397
-54.603461260184304
-184.04009503805102
-206.0053430537438
10.056500554382723
-51.44689470772632
-212.89403269247387
26.668962616156875
-206.88923124099892
358.9126289081907
-50.64050986798175
-61.677019865033856
-351.64939838857873
-82.54289738755085
-67.54500730670586
-100.0544216608439
-111.26309116869986
-102.74505416973005
-81.47679509834852
-121.65017310262405
-72.79920926275777
-58.080569445874936
-40.37259523068928
-55.78223836603614
-123.80279834576888
-123.80279834576888
-111.47416663475427
-64.00399444055839
21.285345540326006
27.83897137998558
19.247065144232483
-2.021193927149053
-29.197301169743042
3.644050378756333
3.619005359618868
-4.561997663667485
-57.14533840736112
-14.781771316536148
12.980179942724208
1.1986565381882457
25.673619247297115
-11.494782766384661
-34.325587996688455
-29.18374241353638
-30.649034916804997
-34.97833222160692
-46.72908230936564
-55.02614718906375
-109.4966772497809
-29.394855235554274
-4.54378287312602
112.0163206805662
-112.0163206805662
-63.050958434282165
-710.5620272967694
-48.96536224628404
-216.09742790979635
-216.09742790979635
-21.178250181376598
-5.761268034029484
-135.1004465507117
38.84522344783593
18.48305700766303
-42.47170473410147
-25.655091596137197
168.99077057108224
259.949830497575
-65.06577182514482
65.06577183394234
-65.06577183394214
65.06577183394234
0.0
59.639153709089264
-19.66026510187544
247.8814023965367
-262.61964074459206
-122.35663090215277
-51.85528652670564
-177.48331683837603
50.837023971281525
-33.05443789498801
-118.5010265211572
-54.736188444556525
-79.13566189546955
-82.7277135634192
-82.7277135634192
-199.0208044466342
-526.795671817626
-253.9166406176414
-356.31471312148153
-299.8062554370282
-1069.6905124944503
-1157.2979775813455
197.81563539799103
115.6310939548581
-2.429993768191963
119.74666224786885
225.80112840016284
20.14864790636443
529.8951977113286
169.25811182730567
20.14864790636443
189.0272749278796
165.8342728040028
138.965876943094
165.11156070421183
-20.28529932654544
142.21227075244678
76.10112111474086
-11.67339313373272
-23.292364693265494
-105.0436183476787
76.71520153375121
-61.566045647339706
-10.103369469578382
29.39694417238937
-63.46573834752817
95.48638165232133
-20.589035298364806
133.2271993776527
-112.36828355065872
48.16033095882085
-6.51559360401805
-24.353525696001014
-56.13290953344267
-47.6729930861654
-139.25924152431875
-79.04817172250341
-329.7359382174332
146.8987392941045
-306.1078781478578
138.55517296330692
72.86573477057232
105.18090764011652
0.0
62.1042935941153
-491.59263976249565
-127.40736023750435
132.61250620164228
65.10395978324198
79.89224681986465
-67.78
131.8316706981508
-148.77053098986406
187.76233674988939
3.141592653589793
0.0
2.9838359368708853
0.0
3.066098733145657
0.0
0.0
0.0
0.0
0.0
0.0
0.0
0.0
0.0
0.0
0.0
0.0
0.0
-0.0
-0.0
-0.0
-0.0
-0.0
-0.0
-0.0
-0.0
-0.0
-0.0
-0.0
-0.0
-0.0
-0.0
-0.0
2.7970863269624933
0.0
2.7723091442937013
4.547473508864641e-13
0.0
0.0
0.0
0.0
0.0
0.0
0.0
0.0
0.0
0.0
-0.0
-0.0
-0.0
-0.0
-0.0
-0.0
-0.0
-0.0
-0.0
-0.0
-0.0
-0.0
-0.0
-0.0
-0.0
2.9030249070773118
0.0
2.882125497996951
0.0
0.0
0.0
0.0
0.0
0.0
0.0
-0.0
-0.0
-0.0
-0.0
-0.0
-0.0
-0.0
-0.0
-0.0
2.5120500667215846
0.0
2.318070066745832
0.0
636.0
0.0
0.0
0.0
0.0
0.0
0.0
0.0
0.0
0.0
0.0
0.0
0.0
0.0
-0.0
-0.0
-0.0
-0.0
-0.0
-0.0
-0.0
-0.0
-0.0
-0.0
-0.0
-0.0
2.1132780667384594
0.0
2.8747240368414233
2.9274360713316128e-12
3.0
3.0
1.3
1.3
3.0
1.35
1.35
1.35
0.71
0.71
0.71
1.57
0.65
0.65
0.65
0.65
0.45
0.45
0.45
0.45
1.0
1.0
1.0
1.9
1.9
1.9
1.9
1.9
1.9
1.9
4.6
3.0
3.0
4.6
3.0
0.0
126.98
320.0
0.0
0.0
943.5
140.0
0.0
0.0
0.0
0.0
0.0
0.0
0.0
0.0
0.0
0.0
0.0
0.0
0.0
0.0
0.0
0.0
0.0
0.0
0.0
0.0
0.0
0.0
0.0
0.0
0.0
0.0
0.0
0.0
0.0
0.0
0.0
0.0
0.0
0.0
0.0
0.0
0.0
0.0
-0.0
0.0
0.0
0.0
2.8054068516123127
0.0
2.9884249680992663
0.0
2.857461521422807
0.0
30.153533168124998
0.0
2.8212181451152194
2.3874235921539366e-12
2.8403300644928713
0.0
2.619131456188035
0.0
3.268496584496461e-12
0.0
0.0
20.0
47.477846655625
0.0
0.0
0.0
0.0
0.0
-0.0
-0.0
-0.0
-0.0
-0.0
-0.0
2.80206353185588
0.0
62.6
34.0276855475
0.0
0.0
2.8190674152818525
0.0
2.8578804749697593
0.0
2.785364209389847
0.0
2.6130654122940298
0.0
2.225852467951469
2.717115421546623e-11
62.6
4.6
30.4
0.30696133246875
0.894914919375
0.7703470205937499
0.32389604440624997
0.09858856821875006
0.0
0.0
0.0
0.0
0.0
0.0
0.0
0.0
2.1170152450292226
0.0
154.4
0.0
672.3
0.0
0.0
0.0
0.0
0.0
0.0
0.0
0.0
0.0
0.0
0.0
-0.0
-0.0
-0.0
-0.0
-0.0
-0.0
-0.0
-0.0
-0.0
1.8213962994801527
0.0
0.0
677.8
180.0
0.0
0.0
121.54698609434638
0.0
0.0
0.0
0.0
0.0
0.0
0.0
0.0
1.0
-0.0
-0.0
1.0
-0.0
-0.0
-0.0
-0.0
-0.0
-0.0
-0.0
-0.0
-0.0
-0.0
-0.0
1.7222620084423506
0.0
0.909793535875
0.41289002009375003
1.31541293325
1.21712478434375
1.3758262700625
0.3399575740624999
0.0
0.0
2.220446049250313e-16
0.0
0.0
0.0
2.7678454331654634
1.4210854715202004e-13
2.9053026518067284
0.0
2.9512826034078428
0.0
2.341318504559918
0.0
12.321291684531248
2.944700589281249
0.0
8.881784197001252e-16
2.9150853820142193
0.0
0.8
191.867695365625
0.0
0.0
2.7298829381025786
0.0
2.5950305191610052
0.0
3.0
3.0
3.0
7.5
0.0
0.09999999999999964
0.4
0.48
0.24
0.49
0.05
0.05
0.0
0.0
0.0
0.0
0.0
0.0
0.0
0.0
0.0
0.0
0.0
0.0
0.0
0.0
-0.0
-0.0
-0.0
2.315308069610719
0.0
2.32143130621286
0.0
0.0
0.0
2.16
0.0
0.0
0.0
-0.0
-0.0
-0.0
2.322458827068386
0.0
2.2958376575023682
0.0
2.1604548323644517
0.0
2.244298766275666
0.0
0.0
0.0
0.0
-0.0
-0.0
2.195566765913395
0.0
2.163642784908282
0.0
0.0
7.43
0.0
0.0
0.0
-0.0
-0.0
2.016081897332789
0.0
2.1820884237257365
0.0
1.9353755013647427
0.0
1.827746712714072
0.0
0.0
7.43
0.0
0.0
1.730416327337207
0.0
1.6575388721165478
0.0
1.654677604452254
0.0
0.0
98.2
0.0
82.0
0.0
0.0
0.0
0.0
-0.0
-0.0
-0.0
1.6224974129110008
0.0
1.6390791319407596
0.0
1.66194737752582
0.0
1.6734717167334185
0.0
1.6707158239369082
0.0
0.0
0.0
55.26087309312501
0.0
0.0
0.0
-0.0
-0.0
-0.0
-0.0
-0.0
-0.0
1.6354788375834788
0.0
0.0
0.0
22.0
6.76810003721875
0.0
0.0
0.0
0.0
-0.0
-0.0
-0.0
-0.0
-0.0
-0.0
1.6321378769963173
0.0
75.0
75.0
0.0
0.0
0.0
0.0
-0.0
-0.0
-0.0
1.6298635223786802
4.462208380573429e-12
1.6416892755590866
0.0
1.6541060270554722
0.0
97.98
97.98
46.7
0.0
0.0
0.0
1.5557614863513964
1.0516032489249483e-12
1.4874970260022247
0.0
97.98
97.98
27.07
0.0
0.0
0.0
1.4726839959846083
6.110667527536862e-13
0.0
97.98
0.0
0.0
-0.0
-0.0
-0.0
1.4708988195788655
0.0
1.51210078696786
0.0
1.489478662936071
7.105427357601002e-15
636.0
6.91
0.0
0.0
0.0
0.0
0.0
0.0
-0.0
-0.0
-0.0
-0.0
-0.0
-0.0
1.4742445893037792
0.0
596.4
77.0
0.0
0.0
1.4242079718471916
0.0
1.463892446228883
0.0
1.4793240381729054
0.0
74.05
74.05
87.71
87.71
30.163046826562503
0.0
0.0
0.0
0.0
0.0
1.5421905790197499
0.0
320.0
0.0
1.8676068236784185
6.608047442568932e-13
1.889123224551536
0.0
0.0
0.0
1.9982204683890474
5.684341886080802e-14
1.889123224551536
0.0
100.0
0.0
1.9497124208164036
0.0
1.8441871195320207
1.9895196601282805e-13
77.0
60.8
7.455046383406249
0.0
0.0
0.0
1.6732233652808282
0.0
60.8
41.55
0.0
0.0
0.0
0.0
0.0
0.0
-0.0
-0.0
-0.0
-0.0
-0.0
-0.0
1.4952387914899896
0.0
1.5017029178472818
0.0
1.4939372354180707
0.0
140.0
27.07
80.67
80.67
0.0
0.0
0.0
0.0
1.4390649539158014
0.0
1.465106669256843
0.0
6.0000516664687495
32.03009982428125
2.43847356728125
0.0
0.0
0.0
1.3298431458619442
1.1368683772161603e-13
1.136715367896764
0.0
0.8013548387625665
0.0
0.0
0.0
0.0
0.0
0.0
0.0
0.0
0.0
-0.0
0.0
0.0
0.0
-0.0
-0.0
-0.0
-0.0
-0.0
-0.0
-0.0
-0.0
0.6090033366050059
2.7000623958883807e-13
-0.7194206632918947
0.0
499.87463359149524
668.0
0.0
0.0
-3.141592653589793
0.0
0.8157486713725801
0.0
336.5
595.0
0.0
0.0
0.8170870917004954
0.0
0.0
0.0
0.0
0.0
0.0
0.0
0.0
0.0
-0.0
-0.0
-0.0
-0.0
-0.0
-0.0
1.04332375791588
0.0
0.0
0.0
0.0
0.0
0.0
0.0
-0.0
-0.0
-0.0
-0.0
-0.0
-0.0
-0.0
-0.0
-0.0
1.0608271413063532
0.0
0.0
0.0
0.0
0.0
108.01717892875001
0.0
0.0
0.0
0.0
0.0
1.0874590835033504
0.0
1.246546314413167
0.0
1.3471230783358608
2.5579538487363607e-13
1.4166099709167939
0.0
1.4080755699680296
1.0906830993917538e-12
1.4312130594013235
0.0
1.4197594153675628
0.0
110.0
41.55
41.55
7.43
0.0
0.0
0.0
0.0
1.2337821456497267
0.0
0.0
0.0
0.0
0.0
0.0
0.0
0.0
0.0
23.168364003437496
56.95736649303125
0.0
0.0
0.0
0.0
0.0
0.0
0.0
0.0
3.552713678800501e-15
0.0
-0.0
-0.0
-0.0
-0.0
-0.0
-0.0
-0.0
-0.0
-0.0
-0.0
-0.0
-0.0
-0.0
-0.0
-0.0
-0.0
-0.0
-0.0
-0.0
-0.0
-0.0
1.3157960826875474
0.0
1.2891439257940975
0.0
1.1624073230209735
0.0
1.2
1.2
1.6
1.6
1.6
1.6
0.95
0.95
0.95
0.95
1.88
1.88
3.75
2.29
2.29
1.2
3.0
3.0
1.6
0.9
0.9
3.0
1.88
0.0
0.0
0.0
0.0
0.0
0.0
0.0
0.0
0.0
0.0
0.0
0.0
0.0
0.0
0.0
0.0
0.0
0.0
0.0
0.0
0.0
0.0
0.0
0.0
0.0
1.3465234724171975
0.0
45.33165945437499
0.0
1.3118308845783972
0.0
0.0
58.1986270590625
0.0
0.0
1.2598597136066003
0.0
1.2151646035400254
0.0
0.0
0.0
751.1
0.0
0.0
0.0
0.0
0.0
0.0
0.0
0.0
0.0
0.0
0.0
0.0
0.0
0.0
0.0
-0.0
-0.0
-0.0
-0.0
-0.0
-0.0
-0.0
-0.0
-0.0
-0.0
-0.0
-0.0
-0.0
-0.0
-0.0
-0.0
-0.0
-0.0
0.6560131883519463
0.0
1.364864455724159
0.0
1.4054723057169434
0.0
43.009968597500006
0.0
1.4874108275494922
1.4210854715202004e-14
0.0
0.0
0.0
0.0
0.0
0.0
0.0
0.0
0.0
0.0
0.0
0.0
0.0
0.0
0.0
0.0
0.0
0.0
-0.0
-0.0
-0.0
-0.0
-0.0
-0.0
-0.0
-0.0
-0.0
-0.0
-0.0
-0.0
-0.0
-0.0
-0.0
-0.0
-0.0
-0.0
-0.0
-0.0
-0.0
-0.0
-0.0
-0.0
-0.0
-0.0
-0.0
1.4874108275494922
0.0
0.0
0.0
0.0
0.0
0.0
1.35
4.65
0.0
33.49856743812501
-0.0
0.0
0.0
0.0
0.0
0.0
0.0
0.0
0.0
-0.0
-0.0
-0.0
-0.0
-0.0
-0.0
-0.0
-0.0
-0.0
-0.0
-0.0
-0.0
-0.0
-0.0
-0.0
1.529068977508156
0.0
619.0
0.0
2.471172908796779
0.0
2.809628194801337
0.0
2.817700458248262
0.0
40.71
27.07
0.0
0.0
1.4765789481723839
0.0
2.9898470159393398
0.0
1.773920885711302
0.0
-157.91463135010045
-178.05169915784947
-310.49101086724755
-272.027397077527
242.06622739642194
-100.47792827738982
-636.0
974.7530995054356
-636.0
112.84550853773385
150.1684641642396
-353.65910828915366
-289.6576058720401
-162.93242595834
-225.64307763346767
155.54162961773702
73.62753862863073
-68.41523035649348
-18.586346823660094
41.8743559584095
-462.44093566904667
-122.81988246731717
362.2417340319573
34.49063575379057
33.17355528877624
-5.458705160851423
-85.413740410805
-177.62762586309583
-243.53015367066988
-221.21386770602246
-505.57021058914506
259.51385087236565
580.6436402832205
160.76867673562845
48.75922756988511
716.0127620312414
-338.75309950543556
719.8331352219807
189.34992054973088
-109.35716432200367
437.1469818983794
-188.0227856237682
-50.28145040461186
-181.82285044543687
-203.95115209602386
10.073733878087694
-51.49627508145387
-210.69919834736035
26.681930815178717
-207.13204366029095
361.0208670795718
-48.62159549611091
-59.685054513426266
-334.93272631469637
-80.54876093017948
-65.55232238128397
-98.0791631531124
-109.30436116102038
-100.5350131845256
-79.25023550291465
-119.45481532632469
-71.77757033267189
-57.38382300816361
-40.073398351787056
-56.06633472887512
-121.8527815469346
-121.8527815469346
-110.34908591518831
-63.72315157320986
22.050158283548008
28.795594609386015
19.59921633819875
-1.6855613434121963
-28.88277569785706
4.491842446631267
4.460970678037126
-4.725545384947722
-58.79911210065984
-15.061951109517883
12.241980513636697
1.9478683718429863
25.09576052599744
-10.905911640517758
-34.765526050173094
-29.522723516698534
-31.00503599164093
-35.39221068211013
-47.07893817090113
-55.384993580628134
-109.72614827260459
-29.586820714088773
-4.747809589589451
113.11062015894521
-113.11062015894521
-62.66666773635734
-695.9535933942682
-50.44395242258786
-215.76653002735452
-215.76653002735452
-21.417820058987218
-5.988353290577313
-135.23410124889642
39.0980043178561
31.746555432037226
-41.522063749307115
-24.786059842284658
169.9095698750272
256.23326350973775
-60.60957990638255
60.60957991457735
-60.60957991457741
60.60957991457735
0.0
62.060164124226226
-16.609719253794083
247.53814794652067
-259.9145351629359
-120.25984716030122
-46.48691834625083
-174.56144475646192
52.130051268276844
-31.82656733486961
-115.82234550799876
-53.49889292886816
-77.94358165441787
-70.38301444298996
-70.38301444298996
-193.89876399851164
-526.9516451139962
-254.06100692797665
-356.5621833180782
-300.0803464842321
-1080.0195121361417
-1167.8746335914952
202.69150468179458
120.27962722679553
1.8798038313117047
120.33865223837499
226.9174184524166
20.937061475291614
535.3900828314695
171.0132775358458
20.937061475291614
187.60286663593314
164.34430052559048
137.39995075638174
160.10804739108457
-17.027134038769645
147.6083473832573
70.14095698740016
-8.406739312292657
-17.87549865527613
-99.65184867205465
77.40237259397622
-54.012061461529356
-15.602195519622626
26.144055860881547
-58.08007412529476
100.87815132794537
-21.118983274214344
134.07556266934364
-113.1576810528639
58.528361397125536
-1.943724563184395
-21.901886261413257
-53.331543884777716
-43.94387735624944
-137.48987032160738
-81.70952480627648
-329.9707788085404
149.36663177918115
-305.5472213965291
140.99947913258924
77.70951744137145
107.53086854622163
0.0
65.09085931041237
-491.5566358198914
-127.44336418010857
130.3027070157755
67.28073558850579
77.6179177557922
-67.78
131.7429745219398
-146.08364619677465
185.10573607358307
3.141592653589793
0.0
2.9840218216072034
0.0
3.0661157436365913
0.0
0.0
0.0
0.0
0.0
0.0
0.0
0.0
0.0
0.0
0.0
0.0
0.0
-0.0
-0.0
-0.0
-0.0
-0.0
-0.0
-0.0
-0.0
-0.0
-0.0
-0.0
-0.0
-0.0
-0.0
-0.0
2.7971251158117387
0.0
2.772328046092657
2.2737367544323206e-12
0.0
0.0
0.0
0.0
0.0
0.0
0.0
0.0
0.0
0.0
-0.0
-0.0
-0.0
0.0
-0.0
-0.0
-0.0
-0.0
0.0
-0.0
-0.0
-0.0
-0.0
-0.0
-0.0
2.9031337474174492
0.0
2.8823169499623416
0.0
0.0
0.0
0.0
0.0
0.0
0.0
-0.0
-0.0
-0.0
-0.0
-0.0
-0.0
-0.0
-0.0
-0.0
2.5118476756762305
0.0
2.317867675700478
0.0
636.0
0.0
0.0
0.0
0.0
0.0
0.0
0.0
0.0
0.0
0.0
0.0
0.0
0.0
-0.0
-0.0
-0.0
-0.0
-0.0
-0.0
-0.0
-0.0
-0.0
-0.0
-0.0
-0.0
2.1130756756931053
0.0
2.8750258317980966
0.0
3.0
3.0
1.3
1.3
3.0
1.35
1.35
1.35
0.71
0.71
0.71
1.57
0.6499999999999986
0.65
0.65
0.65
0.45
0.45
0.45
0.45
1.0
1.0
1.0
1.9
1.9
1.9
1.9
1.9
1.9
1.9
4.6
3.0
3.0
4.6
3.0
0.0
126.98
320.0
0.0
0.0
943.5
140.0
0.0
0.0
0.0
0.0
0.0
0.0
0.0
0.0
0.0
0.0
0.0
0.0
1.4432899320127035e-15
0.0
0.0
0.0
0.0
0.0
0.0
0.0
0.0
0.0
0.0
0.0
0.0
0.0
0.0
0.0
0.0
0.0
0.0
0.0
0.0
0.0
0.0
0.0
0.0
0.0
0.0
0.0
0.0
0.0
2.8057619928104054
0.0
2.9893374101079138
0.0
2.8585740492036416
0.0
28.417053236875
0.0
2.824540707935779
2.7284841053187847e-12
2.8410734946272336
0.0
2.620913081657138
0.0
3.268496584496461e-12
0.0
0.0
20.0
44.241567773125006
0.0
0.0
0.0
0.0
0.0
-0.0
-0.0
-0.0
-0.0
-0.0
-0.0
2.8057827436191864
0.0
62.6
31.43800565625
0.0
0.0
2.823213867847655
9.947598300641403e-13
2.860287618317097
0.0
2.786577022002946
0.0
2.6129738980813846
0.0
2.2236934801662094
0.0
62.6
4.6
30.4
0.30194713434375
0.9077311421250001
0.7780145147187499
0.32804655690624995
0.09980800671875
0.0
0.0
0.0
0.0
0.0
0.0
0.0
0.0
2.1192308970736495
0.0
154.4
0.0
672.3
0.0
0.0
0.0
0.0
0.0
0.0
0.0
0.0
0.0
0.0
0.0
-0.0
-0.0
-0.0
-0.0
-0.0
-0.0
-0.0
-0.0
-0.0
1.8083162767745151
0.0
0.0
677.8
179.9999999999999
0.0
0.0
166.10096035623582
0.0
0.0
0.0
0.0
0.0
0.0
0.0
0.0
1.0
-0.0
-0.0
1.0
-0.0
0.0
-0.0
-0.0
-0.0
-0.0
-0.0
-0.0
-0.0
-0.0
-0.0
1.7012293401052876
1.1368683772161603e-13
0.9251326447499997
0.40506535871875
1.331562425625
1.23178479871875
1.3926616630625
0.34367015531249995
3.3306690738754696e-16
0.0
0.0
0.0
0.0
0.0
2.7664478656281632
0.0
2.904761985007246
0.0
2.951758145123822
0.0
2.340698392190454
0.0
12.491203593281249
2.9981285722812494
0.0
4.440892098500626e-16
2.915952856115358
0.0
0.8
180.43445267812498
0.0
0.0
2.731748488761882
1.2647660696529783e-12
2.601111334254818
0.0
3.0
3.0
2.999999999999999
7.5
0.0
0.1
0.4
0.48
0.24
0.49
0.05
0.05
0.0
0.0
0.0
8.881784197001252e-16
0.0
0.0
0.0
0.0
0.0
0.0
0.0
0.0
0.0
0.0
-0.0
-0.0
-0.0
2.3245283738421247
0.0
2.33065332812258
0.0
0.0
0.0
2.16
0.0
0.0
0.0
-0.0
-0.0
-0.0
2.3316826067771257
0.0
2.3050351373663434
0.0
2.168861722914218
0.0
2.255636295373853
0.0
0.0
0.0
0.0
-0.0
-0.0
2.208110747568276
0.0
2.1771572041220066
0.0
0.0
7.43
0.0
0.0
0.0
-0.0
-0.0
2.0322406020570187
0.0
2.195051574637182
0.0
1.9537620928539963
0.0
1.8481113215605294
0.0
0.0
7.43
0.0
0.0
1.752166278572938
0.0
1.6801736913281726
0.0
1.6769930377891082
0.0
0.0
98.2
0.0
82.0
0.0
0.0
0.0
0.0
-0.0
-0.0
-0.0
1.6449546718958514
0.0
1.6621115301085305
0.0
1.6857152103349469
0.0
1.6974466144446103
0.0
1.6952394809225153
0.0
0.0
0.0
51.10303092312501
0.0
0.0
0.0
-0.0
-0.0
-0.0
-0.0
-0.0
-0.0
1.6603862156448086
7.503331289626658e-12
0.0
0.0
22.0
6.295404636593751
0.0
0.0
0.0
0.0
-0.0
-0.0
-0.0
-0.0
-0.0
-0.0
1.6569296268187022
0.0
75.0
75.0
0.0
0.0
0.0
0.0
-0.0
-0.0
-0.0
1.6546129650523231
0.0
1.6657256175839765
0.0
1.6782972582041409
0.0
97.98
97.98
46.7
0.0
0.0
0.0
1.5796600864560961
1.0231815394945443e-12
1.5108883351076872
0.0
97.98
97.98
27.07
0.0
0.0
0.0
1.4960443265019878
0.0
0.0
97.98
0.0
0.0
-0.0
-0.0
-0.0
1.4941824360508522
7.451816941284051e-13
1.5355769874738834
0.0
1.512736003546418
0.0
636.0
6.91
0.0
0.0
0.0
0.0
0.0
0.0
-0.0
-0.0
-0.0
-0.0
-0.0
-0.0
1.4970553956808608
0.0
596.4
77.0
0.0
0.0
1.4469693259859533
0.0
1.4869103729507087
0.0
1.5042570042978853
0.0
74.05
74.05
87.71
87.71
28.7341215265625
0.0
0.0
0.0
0.0
0.0
1.5674635008871531
0.0
320.0
0.0
1.8881597054712367
0.0
1.9080941582127238
0.0
0.0
0.0
2.009170256596005
4.547473508864641e-13
1.9080941582127238
0.0
100.0
0.0
1.9734682993885155
0.0
1.8690412709703719
2.0463630789890885e-12
77.0
60.8
6.95763308553125
0.0
0.0
0.0
1.7008150990726598
0.0
60.8
41.55
0.0
0.0
0.0
0.0
0.0
0.0
-0.0
-0.0
-0.0
-0.0
-0.0
-0.0
1.5259337652196503
0.0
1.5325582269617706
0.0
1.525092144949209
0.0
140.0
27.07
80.67
80.67
0.0
0.0
0.0
0.0
1.4710590879369092
0.0
1.4925332646038982
0.0
6.10715418084375
32.50552612678125
2.61083826840625
0.0
0.0
0.0
1.3649072200921932
0.0
1.1717222779138814
0.0
0.8361711852500429
0.0
0.0
0.0
0.0
0.0
0.0
0.0
0.0
0.0
-0.0
-0.0
0.0
0.0
-0.0
-0.0
-0.0
-0.0
-0.0
-0.0
-0.0
0.0
0.6436439907311665
1.1368683772161603e-13
-0.6974846787247398
0.0
584.1746335914952
594.2766560101638
0.0
36.22334398983617
-3.1415926535897927
0.0
0.8553627121680341
0.0
336.5
595.0
0.0
0.0
0.8597697083868473
0.0
0.0
0.0
0.0
0.0
0.0
0.0
0.0
0.0
-0.0
-0.0
-0.0
-0.0
-0.0
-0.0
1.0871193157844197
0.0
0.0
0.0
0.0
0.0
0.0
0.0
-0.0
-0.0
-0.0
-0.0
-0.0
-0.0
-0.0
-0.0
-0.0
1.1052818129184085
0.0
0.0
0.0
0.0
0.0
99.36642368125
0.0
0.0
0.0
0.0
0.0
1.132916617175098
0.0
1.2907959498533261
0.0
1.3902264558077007
5.684341886080801e-13
1.4575418236103244
0.0
1.445999564812352
1.3322676295501878e-12
1.4662582480904096
0.0
1.457603764709861
0.0
110.0
41.55
41.55
7.43
0.0
0.0
0.0
0.0
1.2768833252027052
0.0
0.0
0.0
0.0
0.0
0.0
0.0
0.0
0.0
21.2780687071875
58.40448677340625
0.0
0.0
0.0
0.0
0.0
0.0
0.0
0.0
0.0
0.0
-0.0
-0.0
-0.0
-0.0
-0.0
-0.0
-0.0
-0.0
-0.0
-0.0
-0.0
-0.0
-0.0
-0.0
-0.0
-0.0
-0.0
-0.0
-0.0
-0.0
-0.0
1.3632807709872454
0.0
1.3359598197482376
0.0
1.2083390917726848
0.0
1.2
1.2
1.6
1.6
1.6
1.6
0.95
0.95
0.95
0.95
1.88
1.88
3.75
2.29
2.29
1.2
3.0
3.0
1.6
0.9
0.9
3.0
1.88
0.0
0.0
0.0
0.0
0.0
0.0
0.0
0.0
0.0
0.0
0.0
0.0
0.0
0.0
0.0
0.0
0.0
0.0
0.0
0.0
0.0
0.0
0.0
0.0
0.0
1.3994513766963248
0.0
40.52566223437499
0.0
1.3686421857219924
0.0
0.0
53.5651769653125
0.0
0.0
1.3173398370646945
1.9895196601282805e-13
1.271188966861376
0.0
0.0
0.0
751.1
0.0
0.0
0.0
0.0
0.0
0.0
0.0
0.0
0.0
0.0
0.0
0.0
0.0
0.0
0.0
-0.0
-0.0
-0.0
-0.0
-0.0
-0.0
-0.0
-0.0
-0.0
-0.0
-0.0
-0.0
-0.0
-0.0
-0.0
-0.0
-0.0
-0.0
0.7130635535282891
0.0
1.4240795075988781
0.0
1.4653913177684612
0.0
39.26272394750001
0.0
1.5491205098114689
1.4210854715202004e-14
0.0
0.0
0.0
0.0
0.0
0.0
0.0
0.0
0.0
0.0
0.0
0.0
0.0
0.0
0.0
0.0
0.0
0.0
-0.0
-0.0
-0.0
-0.0
-0.0
-0.0
-0.0
-0.0
-0.0
-0.0
-0.0
-0.0
-0.0
-0.0
-0.0
-0.0
-0.0
-0.0
-0.0
-0.0
-0.0
-0.0
-0.0
-0.0
-0.0
-0.0
-0.0
1.5491205098114689
0.0
0.0
0.0
0.0
0.0
0.0
1.35
4.65
0.0
30.806830721875006
0.0
0.0
0.0
0.0
0.0
0.0
0.0
0.0
0.0
-0.0
-0.0
-0.0
-0.0
-0.0
-0.0
-0.0
-0.0
-0.0
-0.0
-0.0
-0.0
-0.0
-0.0
-0.0
1.592690061828563
0.0
619.0
0.0
2.4729653714526036
0.0
2.8100801483587956
0.0
2.817915881583047
0.0
40.71
27.07
0.0
0.0
1.5015119142973639
0.0
2.9900779824907397
0.0
1.8000674287351304
0.0
-157.72856054297537
-178.01158007545806
-310.74022202374374
-272.0256458663962
242.23278025047503
-100.08075700211205
-636.0
975.5819116563948
-636.0
113.22778485664597
150.58326351578216
-353.38693358805176
-289.38283888870404
-162.72109426636598
-225.1616387136871
156.37698810191642
74.69880677960813
-67.42909254470277
-17.45299552128236
42.33993022237158
-465.96710809731394
-122.24342753404161
366.078538575317
35.35724995766918
31.686966213166755
-3.3676144368764653
-86.82049039280118
-178.97229269369168
-244.83045151506073
-212.32232333762892
-519.2215042396178
280.33229493272677
587.8107906931086
161.77089982056043
49.83686120233622
722.2028080078226
-339.5819116563948
743.5686654235091
188.76505083255685
-108.17307856633323
440.6374749117231
-187.00950993059507
-45.95943954902623
-179.60560585279086
-201.89696113826494
10.090967201807219
-51.54565545519595
-208.50436400221497
26.694899014186007
-207.3748560797103
363.12910525105895
-46.60268112424541
-57.69308916182395
-318.2160542407097
-78.55462447281346
-63.559637455867204
-96.10390464538636
-107.345631153346
-98.32497219932904
-77.02367590748868
-117.25945755003325
-70.75593140258968
-56.68707657045478
-39.77420147288602
-56.350431091713624
-119.9027647481056
-119.9027647481056
-109.22400519562659
-63.44230870586254
22.814971026769516
29.752217838785448
19.951367532164603
-1.3499287596757519
-28.56825022597149
5.339634514505178
5.302935996454368
-4.8890931062272
-60.45288579395128
-15.34213090249806
11.503781084549676
2.6970802054972367
24.517901804698347
-10.317040514651435
-35.20546410365853
-29.86170461986137
-31.36103706647758
-35.80608914261417
-47.42879403243684
-55.74383997219263
-109.95561929542863
-29.778786192623087
-4.9518363060533375
114.2049196373281
-114.2049196373281
-62.282377038431605
-681.3451594917686
-51.9225425988965
-215.43563214491815
-215.43563214491815
-21.65738993659761
-6.215438547124898
-135.36775594707296
39.35078518787602
45.01005385640366
-40.572422764515736
-23.917028088434733
170.8283691789746
252.51669652189025
-56.15338798761201
56.15338799520396
-56.15338799520441
56.15338799520396
0.0
64.48117453936597
-13.559173405709316
247.1948934964978
-257.209429581277
-118.16306341844933
-41.11855016580307
-171.63957267454737
53.42307856527265
-30.598696774750735
-113.14366449483987
-52.26159741317959
-76.7515014133657
-58.03831532257095
-58.03831532257095
-188.77672355039408
-527.1076184103745
-254.20537323831533
-356.8096535146796
-300.35443753143943
-1090.348511777847
-1178.451289601659
207.567373965601
124.92816049873579
6.189601430818271
120.9306422288814
228.03370850467087
21.725475044219536
540.8849679516145
172.7684432443872
21.725475044219536
186.17845834398827
162.85432824717986
135.83402456967104
155.10453407795814
-13.768968750995896
153.00442401407008
64.18079286006105
-5.140085490854697
-12.458632617288393
-94.26007899643233
78.0895436542022
-46.45807727571764
-21.10102156966599
22.891167549375833
-52.694409903062976
106.2699210035677
-21.648931250064862
134.92392596103554
-113.94707855507004
68.89639183542977
2.6281444776489753
-19.45024682682552
-50.53017823611276
-40.214761626333484
-135.7204991188963
-84.37087789004909
-330.2056193996481
151.83452426425782
-304.9865646451998
143.44378530187163
82.55330011217055
109.88082945232682
0.0
68.07742502670946
-491.520631877294
-127.47936812270598
127.99290782990168
69.45751139377664
75.34358869171272
-67.78
131.6542783457288
-143.39676140368493
182.44913539727645
1.378170434011732
0.0
1.2204669709973002
0.0
1.3028844227101304
0.0
0.0
0.0
0.0
0.0
0.0
0.0
0.0
0.0
0.0
0.0
0.0
0.0
-0.0
-0.0
-0.0
-0.0
-0.0
-0.0
-0.0
-0.0
-0.0
-0.0
-0.0
-0.0
-0.0
-0.0
-0.0
1.0347639649314881
0.0
1.0100669839053695
1.1368683772161603e-12
0.0
0.0
0.0
0.0
0.0
0.0
0.0
0.0
0.0
0.0
-0.0
-0.0
-0.0
0.0
-0.0
-0.0
-0.0
-0.0
-0.0
-0.0
-0.0
-0.0
-0.0
-0.0
-0.0
1.1401200217109335
0.0
1.1190806358030918
0.0
0.0
0.0
0.0
0.0
0.0
0.0
-0.0
-0.0
-0.0
-0.0
-0.0
-0.0
-0.0
-0.0
-0.0
0.750860225622763
0.0
0.5568802256470105
0.0
636.0
0.0
0.0
0.0
0.0
0.0
0.0
0.0
0.0
0.0
0.0
0.0
0.0
0.0
-0.0
-0.0
-0.0
-0.0
-0.0
-0.0
-0.0
-0.0
-0.0
-0.0
-0.0
-0.0
0.35208822563963793
0.0
1.1119302542427838
8.242295734817162e-13
3.0
3.0
1.3
1.3
3.0
1.35
1.35
1.35
0.71
0.71
0.71
1.57
0.65
0.65
0.65
0.65
0.45
0.45
0.4499999999999984
0.45
1.0
1.0
1.0
1.9
1.9
1.9
1.9
1.9
1.9
1.9
4.6
3.0
3.0
4.6
3.0
0.0
126.98
320.0
0.0
0.0
943.5
140.0
0.0
0.0
0.0
0.0
0.0
0.0
0.0
0.0
0.0
0.0
0.0
0.0
0.0
0.0
0.0
0.0
0.0
0.0
0.0
0.0
0.0
0.0
0.0
0.0
0.0
0.0
0.0
0.0
0.0
0.0
0.0
0.0
0.0
0.0
0.0
0.0
0.0
0.0
0.0
0.0
0.0
0.0
1.0422020452585443
0.0
1.2266174694689427
0.0
1.0956642107295849
0.0
26.643714267500002
0.0
1.063593873537116
0.0
1.0741464735863084
0.0
0.8469952417646588
0.0
3.268496584496461e-12
0.0
0.0
20.0
40.87582463031251
0.0
0.0
0.0
0.0
0.0
-0.0
-0.0
-0.0
-0.0
-0.0
-0.0
1.038838664712816
0.0
62.6
28.726625285625
0.0
0.0
1.0616026454645744
1.5916157281026244e-12
1.0663978437785016
0.0
0.9693597431751475
0.0
0.7691889874706529
0.0
0.3364585807026539
5.684341886080802e-14
62.6
4.6
30.4
0.2973681416562499
0.9212677147812499
0.7858317602500001
0.33225828443750005
0.1010937920625
0.0
0.0
0.0
0.0
0.0
0.0
0.0
0.0
0.2967657005512557
0.0
154.4
0.0
672.3
0.0
0.0
0.0
712.0
0.0
0.0
0.0
0.0
0.0
0.0
0.0
-0.0
-0.0
-0.0
-0.0
-0.0
-0.0
-0.0
-0.0
-0.0
-0.21927694091352518
0.0
0.0
677.8
0.0
0.0
0.0
0.0
0.0
0.0
0.0
100.05
0.0
0.0
86.15096035623583
0.0
1.0
-0.0
-0.0
1.0
-0.0
-0.0
-0.0
-0.0
-0.0
-0.0
0.0
-0.0
-0.0
0.0
-0.0
-0.15207815675350003
0.0
0.9416305500937496
0.39774026828125003
1.34860030378125
1.2472569925625
1.41040614790625
0.348662448125
3.3306690738754696e-16
0.0
0.0
0.0
0.0
0.0
0.8697546663448129
5.968558980384842e-13
1.0281847983562162
0.0
1.0974672005846957
0.0
0.5821150639177932
0.0
12.668720345374998
3.0544607116249995
0.0
4.440892098500626e-16
1.0695340029999558
0.0
0.8
168.67598609687502
0.0
0.0
0.8635596406050554
1.4210854715202004e-13
0.8798322442048144
0.0
3.0
3.0
3.0
7.5
0.0
0.1
0.4
0.48
0.24
0.49
0.05
0.04999999999999982
0.0
0.0
0.0
0.0
0.0
0.0
0.0
0.0
0.0
0.0
0.0
0.0
0.0
0.0
-0.0
-0.0
-0.0
0.6476088353886249
0.0
0.6541281190434367
0.0
0.0
0.0
2.16
0.0
0.0
0.0
-0.0
-0.0
-0.0
0.6550470485081539
0.0
0.6290593686900293
0.0
0.49367405180993895
0.0
0.6014566694561928
0.0
0.0
0.0
0.0
-0.0
0.0
0.5663824055190788
0.0
0.5453838105793574
0.0
0.0
7.43
0.0
0.0
-0.0
-0.0
0.0
0.42809679763879777
0.0
0.5571828421599018
0.0
0.3729313306684367
0.0
0.2882321097453647
0.0
0.0
7.43
0.0
0.0
0.20783046094437693
0.0
0.1470005202879207
0.0
0.13774529980910902
0.0
0.0
98.2
0.0
82.0
0.0
0.0
0.0
0.0
-0.0
-0.0
-0.0
0.10707326875074594
0.0
0.12614351007364158
0.0
0.15209337256620814
0.0
0.16442172323182688
0.0
0.1638943434881487
0.0
0.0
0.0
46.692800403125
0.0
0.0
0.0
-0.0
-0.0
-0.0
-0.0
-0.0
-0.0
0.13031342405037102
1.9895196601282805e-13
0.0
0.0
22.0
5.7966462474375
0.0
0.0
0.0
0.0
-0.0
-0.0
-0.0
-0.0
-0.0
-0.0
0.1271219990918925
0.0
75.0
75.0
0.0
0.0
0.0
0.0
-0.0
-0.0
-0.0
0.12454661998347785
5.684341886080802e-14
0.13318246890882657
0.0
0.14618923056729594
0.0
97.98
97.98
46.7
0.0
0.0
0.0
0.0533747600331993
2.842170943040401e-14
-0.014088900200720855
0.0
97.98
97.98
27.07
0.0
0.0
0.0
-0.028705478478410318
2.842170943040401e-14
0.0
97.98
0.0
0.0
-0.0
-0.0
-0.0
-0.031204248745642794
0.0
0.011080241130846866
0.0
-0.010834017366685635
7.105427357601002e-15
636.0
6.91
0.0
0.0
0.0
0.0
0.0
0.0
-0.0
-0.0
-0.0
-0.0
-0.0
-0.0
-0.02378581166739026
2.2737367544323206e-13
596.4
77.0
0.0
0.0
-0.08099586524941453
1.6342482922482304e-13
-0.039867300569530396
0.0
0.012988246984081278
2.842170943040401e-14
74.05
74.05
87.71
87.71
27.282761829374994
0.0
0.0
0.0
0.0
0.0
0.07969846303640196
0.0
320.0
0.0
0.33660143956627403
9.947598300641403e-14
0.33316482052557844
0.0
0.0
0.0
0.3157397099008809
0.0
0.33316482052557844
0.0
100.0
0.0
0.4704678603165662
0.0
0.3811040647699491
4.263256414560601e-14
77.0
60.8
6.445896886187501
0.0
0.0
0.0
0.25050293048646677
0.0
60.8
41.55
0.0
0.0
0.0
0.0
0.0
0.0
-0.0
-0.0
-0.0
-0.0
-0.0
-0.0
0.12927456180715938
0.0
0.13655041578373028
0.0
0.1303778061299768
0.0
140.0
27.07
80.67
80.67
0.0
0.0
0.0
0.0
0.0800952785853396
0.0
0.03668688401824539
0.0
6.237584222406248
32.99874916375
2.76663534384375
2.6645352591003757e-15
0.0
0.0
0.09597487425261313
0.0
-0.02762163710733986
2.842170943040401e-14
-0.2554458697514287
0.0
0.0
0.0
0.0
0.0
0.0
0.0
0.0
0.0
-0.0
0.0
-0.0
0.0
-0.0
-0.0
-0.0
-0.0
-0.0
0.0
0.0
0.0
-0.3957189122034962
2.7000623958883807e-13
-1.3497827865918592
0.0
195.93918362026466
668.0
304.08544997123056
0.0
-3.141592653589793
0.0
-0.24776796596238487
0.0
336.5
595.0
0.0
0.0
-0.28815772067690737
0.0
0.0
0.0
0.0
0.0
0.0
0.0
0.0
0.0
-0.0
-0.0
-0.0
-0.0
-0.0
-0.0
-0.07049727371606555
2.842170943040401e-14
0.0
0.0
0.0
0.0
0.0
0.0
-0.0
-0.0
-0.0
-0.0
-0.0
-0.0
-0.0
-0.0
-0.0
-0.06531040066291476
0.0
0.0
0.0
0.0
0.0
90.01590068749998
0.0
0.0
0.0
0.0
0.0
-0.05741841199689152
0.0
0.06447371785742137
0.0
0.13276671617776561
9.947598300641403e-14
0.18575797176743325
0.0
0.15597090791016877
3.552713678800501e-14
0.12711690067051312
0.0
0.11363542368529085
0.0
110.0
41.55
41.55
7.43
0.0
0.0
0.0
0.0
-0.02450510894550438
0.0
0.0
0.0
0.0
0.0
0.0
0.0
0.0
0.0
19.275568973124997
59.40511164365625
0.0
0.0
0.0
0.0
0.0
0.0
0.0
0.0
3.552713678800501e-15
0.0
-0.0
-0.0
-0.0
-0.0
-0.0
-0.0
-0.0
-0.0
-0.0
-0.0
-0.0
-0.0
-0.0
-0.0
-0.0
-0.0
-0.0
-0.0
-0.0
-0.0
-0.0
0.09724417181332308
0.0
0.10254905184723838
0.0
0.0036780988535606717
0.0
1.2
1.2
1.6
1.6
1.6
1.6
0.95
0.95
0.95
0.95
1.88
1.88
3.75
2.29
2.29
1.2
2.9999999999999996
3.0
1.6
0.9
0.9
3.0
1.88
0.0
0.0
0.0
0.0
0.0
0.0
0.0
0.0
0.0
0.0
0.0
0.0
0.0
0.0
0.0
0.0
0.0
0.0
0.0
0.0
0.0
0.0
0.0
0.0
0.0
0.13906878133657816
0.0
35.0744837284375
0.0
0.1123907021483592
0.0
0.0
48.5564811671875
0.0
0.0
0.06170725789230509
0.0
0.013952582668943126
0.0
0.0
0.0
751.1
0.0
0.0
0.0
0.0
0.0
0.0
0.0
0.0
0.0
0.0
0.0
0.0
0.0
0.0
0.0
-0.0
-0.0
-0.0
-0.0
-0.0
-0.0
-0.0
-0.0
-0.0
-0.0
-0.0
-0.0
-0.0
-0.0
-0.0
-0.0
-0.0
-0.0
-0.543160605983003
0.0
0.17023891423302798
0.0
0.21228006000146143
0.0
35.1771573965625
0.0
0.2978882339815967
0.0
0.0
0.0
0.0
0.0
0.0
0.0
0.0
0.0
0.0
0.0
0.0
0.0
0.0
0.0
0.0
0.0
0.0
0.0
-0.0
-0.0
-0.0
-0.0
-0.0
-0.0
-0.0
-0.0
-0.0
-0.0
-0.0
-0.0
-0.0
-0.0
-0.0
-0.0
-0.0
-0.0
-0.0
-0.0
-0.0
-0.0
-0.0
-0.0
-0.0
-0.0
-0.0
0.2978882339815967
0.0
0.0
0.0
0.0
0.0
0.0
1.35
4.65
0.0
27.9119596296875
0.0
0.0
0.0
0.0
0.0
0.0
0.0
0.0
0.0
-0.0
-0.0
-0.0
-0.0
-0.0
-0.0
-0.0
-0.0
-0.0
-0.0
-0.0
-0.0
-0.0
-0.0
-0.0
0.3434436229476478
0.0
619.0
0.0
0.6868743983609731
0.0
0.9298580120970014
0.0
0.9356540503790559
0.0
40.71
27.07
0.0
0.0
0.010243156983559711
0.0
1.226343749583982
0.0
0.32978076996460803
0.0
-157.8613243386127
-177.56134740659854
-309.4859777511002
-271.1272581449647
240.8389589184595
-101.15089379417324
-636.0
970.8118287582739
-636.0
112.16030422435628
149.35963394375062
-355.7561682641672
-289.3911131451272
-162.92648590724139
-226.11350163326622
156.89085529250204
75.61833871426748
-66.70359899299072
-16.446326764710776
38.3026718434989
-495.6490428599252
-126.12505932313027
379.8879662719636
46.17440314933742
4.098460097369598
-5.053878356724908
-114.29693832977048
-206.36160380874873
-272.15748852897815
-80.6765856655058
-694.6694020202239
-175.91304753124086
668.1175504485351
185.29839996979203
73.47020384347208
682.6808708376504
-334.8118287582739
853.7130475312408
142.37924582857795
-84.390325022337
457.15616641726245
-209.11102773052838
-8.205332104038916
-147.71835155323797
-167.60882999227425
9.009112399530125
-50.44014156598753
-176.600616556529
27.75452656851499
-197.33475206930507
361.02751172536927
-26.040282295655548
-37.30771617079712
-163.77965206468429
-57.97398997928052
-43.11826475595825
-75.56590594112595
-86.87926884008064
-75.08211552031736
-53.792976338853464
-94.00579455082507
-59.29325132465188
-47.89759106788417
-37.08209583872901
-63.88360245947964
-99.38808943266449
-99.38808943266449
-97.39722634080329
-60.736695171149094
25.359363460485895
32.86138964635563
20.96658276331584
-0.32255641814805003
-27.525343799860654
8.041576227182489
7.9863076634767625
-4.514038130799655
-60.385382908160864
-17.05549078345245
8.939802196953506
5.252954354500094
22.40435877439961
-8.211602222946011
-33.553713047580764
-28.355322689212233
-29.779020896779798
-34.173882792178965
-46.526662229359225
-54.720159010475754
-108.27095019915222
-30.50864267750586
-6.645665604129022
109.5712924876625
-109.5712924876625
-66.68455639450107
-524.8071637900536
-42.886736093161424
-204.64541243729641
-204.64541243729641
-22.840191055268576
-7.4043177981871215
-154.62176645491184
40.520753380148435
229.83786657169713
-24.226802466092643
-8.449014109128854
180.29788124232107
202.28580829042875
9.680617013186403
-9.680617014495283
9.6806170144953
-9.680617014495283
0.0
101.18399149480588
31.562145536478198
247.05377189841448
-220.1078707873071
-81.91105992139974
49.085246307631536
-125.97774036100638
58.67624174630497
-25.297580549789032
-101.40058395744498
-46.83741259314606
-71.4240447848676
117.3199853293761
117.3199853293761
-39.03832071180169
-337.23468305641893
-172.59411564498433
-248.71437507392426
-218.8346995436204
-775.6616865124444
-863.9391836202647
145.04994730071905
62.17409915036899
-56.72718358690477
115.7768334861047
218.3153931225792
6.204393605264897
456.9095221843362
145.94516677044388
6.204393605264897
143.74071916552194
120.3703342867947
93.29644582155532
122.09966723409978
41.68990622618569
113.20006351500996
26.70217690282078
50.344349148135244
31.0556899064927
-50.77688715048892
52.42799450459724
-61.24576614436566
-54.45532698154075
-32.60339801596388
-9.157123951195413
149.75311284951113
4.20354994741551
109.29608383238805
-88.2776366057353
79.6659229113965
7.42476977160134
-16.84222170938387
-47.607091351512075
-36.371872988193886
-134.08318588778465
-87.30287975500634
-330.5288873443856
154.38357946615702
-304.43343640417135
145.9762005754959
87.60035997381112
112.34668501285151
0.0
71.18029525945497
-531.9629348619208
-87.03706513807924
108.33067236552768
88.93304186067041
55.73113732521847
-67.78
131.5297888065146
-106.70123660143403
145.7313225607858
1.623625435743268
0.0
1.4660591237913585
0.0
1.5483771186940507
0.0
0.0
0.0
0.0
0.0
0.0
0.0
0.0
0.0
0.0
0.0
0.0
0.0
-0.0
-0.0
-0.0
-0.0
-0.0
-0.0
-0.0
-0.0
-0.0
-0.0
-0.0
-0.0
-0.0
-0.0
-0.0
1.2803776608347843
0.0
1.2556813967641725
0.0
0.0
0.0
0.0
0.0
0.0
0.0
0.0
0.0
0.0
0.0
-0.0
-0.0
-0.0
0.0
-0.0
-0.0
-0.0
-0.0
-0.0
-0.0
-0.0
-0.0
-0.0
-0.0
-0.0
1.3857155328375805
0.0
1.3647168348941496
0.0
0.0
0.0
0.0
0.0
0.0
0.0
-0.0
-0.0
-0.0
-0.0
-0.0
-0.0
-0.0
-0.0
-0.0
0.9964833339506278
0.0
0.8025033339748753
0.0
636.0
0.0
0.0
0.0
0.0
0.0
0.0
0.0
0.0
0.0
0.0
0.0
0.0
0.0
-0.0
-0.0
-0.0
-0.0
-0.0
-0.0
-0.0
-0.0
-0.0
-0.0
-0.0
-0.0
0.5977113339675028
0.0
1.3576293177072964
7.673861546209082e-13
3.0
3.0
1.3
1.3
3.0
1.35
1.35
1.35
0.71
0.71
0.71
1.57
0.649999999999999
0.65
0.65
0.65
0.45
0.45
0.45
0.45
1.0
1.0
1.0
1.9
1.9
1.9
1.9
1.9
1.9
1.9
4.6
3.0
3.0
4.6
3.0
0.0
126.98
320.0
0.0
0.0
943.5
140.0
0.0
0.0
0.0
0.0
0.0
0.0
0.0
0.0
0.0
0.0
0.0
0.0
9.992007221626409e-16
0.0
0.0
0.0
0.0
0.0
0.0
0.0
0.0
0.0
0.0
0.0
0.0
0.0
0.0
0.0
0.0
0.0
0.0
0.0
0.0
0.0
0.0
0.0
0.0
0.0
-0.0
0.0
0.0
0.0
1.2879334045213187
0.0
1.4726044628057924
0.0
1.3417855858201533
0.0
24.907234336250003
0.0
1.3109120262810214
0.0
1.3203492826705556
0.0
1.0944158298217648
0.0
0.0
0.0
0.0
20.0
37.639545747812505
0.0
0.0
0.0
0.0
0.0
-0.0
-0.0
-0.0
-0.0
-0.0
-0.0
1.2871966151369494
0.0
62.6
26.136945394375
0.0
0.0
1.3094113804612455
9.947598300641403e-13
1.3138590754483157
2.842170943040401e-14
1.2166365955649991
0.0
1.0163154033893982
0.0
0.5834089515681776
1.0231815394945443e-12
62.6
4.6
30.4
0.2923539435312499
0.93408393753125
0.793499254375
0.33640879693750003
0.10231323056250001
0.0
0.0
0.0
0.0
0.0
1.1102230246251565e-16
0.0
0.0
0.5412220631384946
0.0
154.4
0.0
672.3
0.0
0.0
0.0
712.0
0.0
0.0
0.0
0.0
0.0
0.0
0.0
0.0
-0.0
-0.0
-0.0
-0.0
-0.0
0.0
-0.0
-0.0
0.028134836784239177
0.0
0.0
677.8
0.0
0.0
0.0
0.0
0.0
0.0
0.0
0.0
0.0
0.0
100.05
0.0
-0.0
-0.0
-0.0
1.0
-0.0
-0.0
-0.0
-0.0
-0.0
-0.0
1.0
-0.0
-0.0
0.0
-0.0
0.09478853110340511
0.0
0.95696965896875
0.38991560690625005
1.36474979615625
1.2619170069375
1.4272415409062498
0.35237502937500004
0.0
0.0
0.0
0.0
2.220446049250313e-16
0.0
1.120432467375809
3.552713678800501e-13
1.2785760439218157
0.0
1.3476135094032522
0.0
0.827754586164787
0.0
12.838632254124999
3.1078886946249997
0.0
0.0
1.3196295728548921
0.0
0.8
157.24274340937504
0.0
0.0
1.115597837728328
0.0
1.1250872624752235
0.0
3.0
3.0
2.999999999999999
7.5
0.0
0.1
0.4
0.48
0.24
0.49
0.05
0.05
0.0
0.0
0.0
8.881784197001252e-16
0.0
0.0
0.0
0.0
0.0
0.0
0.0
0.0
0.0
0.0
-0.0
-0.0
-0.0
0.8905714642977457
0.0
0.8970618953073226
0.0
0.0
0.0
2.16
0.0
0.0
0.0
-0.0
-0.0
-0.0
0.8979910100656595
0.0
0.8719275395276231
3.915090474038152e-12
0.7360818116188583
0.0
0.8434831161845172
0.0
0.0
0.0
0.0
-0.0
-0.0
0.8079134436033816
1.4210854715202004e-14
0.7865240774351064
0.0
0.0
7.43
0.0
0.0
0.0
-0.0
0.0
0.6681079786235858
0.0
0.7985570362507246
0.0
0.611946118938021
0.0
0.5263673992319414
1.4210854715202004e-14
0.0
7.43
0.0
0.0
0.4452111154407675
0.0
0.3836985363999481
0.0
0.375041470258324
0.0
0.0
98.2
0.0
82.0
0.0
0.0
0.0
0.0
-0.0
-0.0
-0.0
0.3443375966443286
0.0
0.363785923771839
0.0
0.39023386030592233
0.0
0.4027108611285307
0.0
0.40256981190383684
0.0
0.0
0.0
42.534958233124996
0.0
0.0
0.0
-0.0
-0.0
-0.0
-0.0
-0.0
-0.0
0.36925141288023117
5.968558980384842e-13
0.0
0.0
22.0
5.323950846812499
0.0
0.0
0.0
0.0
-0.0
-0.0
-0.0
-0.0
-0.0
-0.0
0.36588811766763496
0.0
75.0
75.0
0.0
0.0
0.0
0.0
-0.0
-0.0
-0.0
0.36330181609920487
1.9895196601282805e-13
0.3714776941145049
0.0
0.3845965574951005
0.0
97.98
97.98
46.7
0.0
0.0
0.0
0.290627528637691
1.7053025658242404e-13
0.22241318554559
0.0
97.98
97.98
27.07
0.0
0.0
0.0
0.20773243529672356
1.9895196601282805e-13
0.0
97.98
0.0
0.0
-0.0
-0.0
-0.0
0.20523391384377496
0.0
0.24761633234986558
0.0
0.22533073841946405
0.0
636.0
6.91
0.0
0.0
0.0
0.0
0.0
0.0
-0.0
-0.0
-0.0
-0.0
-0.0
-0.0
0.21151041525433342
0.0
596.4
77.0
0.0
0.0
0.15522854070432113
0.0
0.19647036754026623
0.0
0.2462689501665796
0.0
74.05
74.05
87.71
87.71
25.853836529374995
0.0
0.0
0.0
0.0
0.0
0.31229945362058753
0.0
320.0
0.0
0.5706709597843718
2.2737367544323206e-13
0.5681304109846483
0.0
0.0
0.0
0.5552487551018183
7.105427357601002e-14
0.5681304109846483
0.0
100.0
0.0
0.7023397361854521
0.0
0.6124168738994048
7.105427357601002e-14
77.0
60.8
5.9484835883125005
0.0
0.0
0.0
0.48009488641773135
0.0
60.8
41.55
0.0
0.0
0.0
0.0
0.0
0.0
-0.0
-0.0
-0.0
-0.0
-0.0
-0.0
0.3555322117094145
0.0
0.36291856909800896
0.0
0.3569475033982963
0.0
140.0
27.07
80.67
80.67
0.0
0.0
0.0
0.0
0.30722128333664805
0.0
0.267794074817687
0.0
6.3446867367812505
33.474175466249996
2.939000044968749
0.0
0.0
1.3322676295501878e-15
0.3097558193100482
0.0
0.1765573690795407
0.0
-0.06624315379638965
0.0
0.0
0.0
0.0
0.0
0.0
0.0
0.0
0.0
-0.0
0.0
-0.0
0.0
-0.0
-0.0
-0.0
-0.0
-0.0
-0.0
-0.0
-0.0
-0.2138719271093393
1.4210854715202004e-13
-1.2354418593972856
0.0
415.87463359149524
503.19518030059055
0.0
127.30481969940945
-3.141592653589793
0.0
-0.051512472243708314
0.0
336.5
595.0
0.0
0.0
-0.08224756593744693
0.0
0.0
0.0
0.0
0.0
0.0
0.0
0.0
0.0
0.0
-0.0
0.0
-0.0
-0.0
-0.0
0.1379947846329059
0.0
0.0
0.0
0.0
0.0
0.0
0.0
-0.0
-0.0
-0.0
-0.0
-0.0
-0.0
-0.0
-0.0
-0.0
0.14572573872424607
0.0
0.0
0.0
0.0
0.0
81.36514543999998
0.0
0.0
0.0
0.0
0.0
0.15748862581270873
0.0
0.28293820829651856
0.0
0.35419843547541197
2.5579538487363607e-13
0.4066658744341477
0.0
0.3759476724428701
2.4868995751603507e-13
0.35057824795590325
0.0
0.3409773161141043
0.0
110.0
41.55
41.55
7.43
0.0
0.0
0.0
0.0
0.20299220507905477
0.0
0.0
0.0
0.0
0.0
0.0
0.0
0.0
0.0
17.385273676874995
60.85223192403125
0.0
0.0
0.0
0.0
0.0
0.0
0.0
0.0
7.105427357601002e-15
0.0
-0.0
-0.0
-0.0
-0.0
-0.0
-0.0
-0.0
-0.0
-0.0
-0.0
-0.0
-0.0
-0.0
-0.0
-0.0
-0.0
-0.0
-0.0
-0.0
-0.0
-0.0
0.32488802682777573
0.0
0.32492853476258016
0.0
0.22109497234819878
0.0
1.2
1.2
1.6
1.6
1.6
1.6
0.95
0.95
0.95
0.95
1.88
1.88
3.75
2.29
2.29
1.1999999999999988
3.0
3.0
1.6
0.9
0.9
3.0
1.88
0.0
0.0
0.0
0.0
0.0
0.0
0.0
0.0
0.0
0.0
0.0
0.0
0.0
0.0
0.0
0.0
1.1102230246251565e-15
0.0
0.0
0.0
0.0
0.0
0.0
0.0
0.0
0.37215585233046033
0.0
30.268486508437498
0.0
0.34936117000670913
0.0
0.0
43.9230310734375
0.0
0.0
0.2993465480651542
0.0
0.2501361127050486
0.0
0.0
0.0
751.1
0.0
0.0
0.0
0.0
0.0
0.0
0.0
0.0
0.0
0.0
0.0
0.0
0.0
0.0
0.0
-0.0
-0.0
-0.0
-0.0
-0.0
-0.0
-0.0
-0.0
-0.0
-0.0
-0.0
-0.0
-0.0
-0.0
-0.0
-0.0
-0.0
-0.0
-0.30595107409190586
0.0
0.4096131328225025
0.0
0.45235823876773434
0.0
31.4299127465625
0.0
0.5397570829583289
0.0
0.0
0.0
0.0
0.0
0.0
0.0
0.0
0.0
0.0
0.0
0.0
0.0
0.0
0.0
0.0
0.0
0.0
0.0
-0.0
-0.0
-0.0
-0.0
-0.0
-0.0
-0.0
-0.0
-0.0
-0.0
-0.0
-0.0
-0.0
-0.0
-0.0
-0.0
-0.0
-0.0
-0.0
-0.0
-0.0
-0.0
-0.0
-0.0
-0.0
-0.0
-0.0
0.5397570829583289
0.0
0.0
0.0
0.0
0.0
0.0
1.35
4.65
0.0
25.220222913437503
-0.0
0.0
0.0
0.0
0.0
0.0
0.0
0.0
0.0
-0.0
-0.0
-0.0
-0.0
-0.0
-0.0
-0.0
-0.0
-0.0
-0.0
-0.0
-0.0
-0.0
-0.0
-0.0
0.5872238739828102
0.0
619.0
0.0
0.9348912542554446
0.0
1.1812818337572406
0.0
1.1869771572585077
0.0
40.71
27.07
0.0
0.0
0.24352386016605804
0.0
1.4719509342000636
0.0
0.5602937682402411
0.0
-157.72403598773963
-177.47244586795517
-309.4769933462579
-271.0145573348915
240.8039557107607
-100.95527858064747
-636.0
970.7792614584172
-636.0
112.28438498192997
149.483755066507
-355.5913937832511
-289.1651286180431
-162.77732135795748
-225.83361877523765
157.28474020675387
76.16998769275905
-66.15893475112759
-15.83259463481889
38.867959399039606
-495.4146371089405
-125.44889109827612
381.744129375174
45.06037591306341
3.8014487068938307
-3.808745735487264
-114.51411062663288
-206.51669295421084
-272.26820868823523
-85.74570818183787
-694.092643479923
-174.48611077513056
670.1212457449462
184.9632473787637
73.21046179996289
687.2712466375692
-334.7792614584172
852.2861107751305
144.09068651812862
-84.54361494262689
461.56885180973774
-207.1388173065908
-6.4034829755473766
-149.37681977952062
-169.57081626256104
9.108968219336235
-50.57214443581621
-178.28149503031227
27.684872271435694
-198.3396251704362
362.25527446865493
-26.834361644010155
-38.10362852389566
-169.76439732085674
-58.7928472421346
-43.92066974258526
-76.39642894627707
-87.71562874445006
-76.04356858518275
-54.737910793489455
-94.98193082459558
-59.84976680410721
-48.43510160675072
-37.12679639279014
-62.977503608991135
-100.23850834629596
-100.23850834629596
-97.86548526176595
-60.79974973676393
25.8621371368192
33.50092238075881
21.21938915273779
-0.0862686389555094
-27.310163132518987
8.620697658343929
8.561448878719425
-4.757136085704107
-62.299442742293195
-17.127824955737246
8.463641834754696
5.740127121266138
22.044245743552878
-7.840476787532047
-34.288654271038624
-28.953899386912553
-30.407651654557235
-34.87515710700333
-47.044374545335664
-55.263395563408125
-108.74629813377041
-30.6225876986868
-6.645003864012324
111.42796965200758
-111.42796965200758
-65.66531016683399
-532.0196717895117
-45.762659485173586
-205.7769923502576
-205.7769923502576
-22.938244557868572
-7.490210515811944
-152.11317447622508
40.632341711245594
217.24084320153864
-25.701613671203646
-9.888315747791353
178.46082016559805
203.44213083681166
7.156475490066001
-7.156475491033689
7.156475491033618
-7.156475491033689
0.0
99.52288465492069
29.60703128909313
245.9978854601725
-221.48488246067308
-84.1639694005413
42.80471097899385
-128.5065843968139
59.567398294877734
-24.47158073809318
-99.61016158835241
-46.01040797498351
-70.63383529223844
106.56002303594059
106.56002303594059
-53.66517282147191
-363.43369770585474
-183.93979006340902
-263.80357851549695
-230.31009869891375
-830.544660415807
-919.0698138920858
159.17593614882418
76.0834457666104
-43.167266423099534
117.15018646984322
220.90506574976263
9.247552742354117
474.72513222599855
151.63579489790632
9.247552742354117
147.93582839835207
124.49987953236047
97.35003715961965
120.8927164718132
37.7617522595645
124.89028894109276
25.02789063733917
46.420733016000874
31.255585904176915
-50.59663993046575
56.745559658180035
-50.535187322500065
-56.15759048074429
-28.66601637389727
-8.988429769267146
149.93336006953427
0.032098205073097574
113.78595089057185
-92.70853787443335
90.03395334970116
11.99663881243488
-14.39058227479611
-44.805725702846985
-32.64275725827788
-132.31381468507342
-89.9642328387792
-330.7637279354931
156.85147195123363
-303.87277965284227
148.42050674477824
92.44414264461025
114.69664591895662
0.0
74.16686097575203
-529.9819785917299
-89.0180214082701
107.32679089004738
89.80389995554772
54.76272597153253
-67.78
131.44109263030361
-108.36404502933776
147.4244151054726
1.911155783570491
0.0
1.7536970525972204
0.0
1.8359154714849402
5.684341886080802e-14
0.0
0.0
0.0
0.0
0.0
0.0
0.0
0.0
0.0
0.0
0.0
0.0
-0.0
-0.0
-0.0
-0.0
-0.0
-0.0
-0.0
-0.0
-0.0
-0.0
-0.0
-0.0
-0.0
-0.0
-0.0
1.5679193174742088
0.0
1.5432120396087499
0.0
0.0
0.0
0.0
0.0
0.0
0.0
0.0
0.0
0.0
0.0
-0.0
-0.0
-0.0
0.0
-0.0
-0.0
-0.0
-0.0
-0.0
-0.0
-0.0
-0.0
-0.0
0.0
-0.0
1.6733044666904002
0.0
1.6523550632219979
0.0
0.0
0.0
0.0
0.0
0.0
0.0
-0.0
-0.0
-0.0
-0.0
-0.0
-0.0
-0.0
-0.0
-0.0
1.2838848562688783
0.0
1.0899048562931257
0.0
636.0
0.0
0.0
0.0
0.0
0.0
0.0
0.0
0.0
0.0
0.0
0.0
0.0
0.0
-0.0
-0.0
-0.0
-0.0
-0.0
-0.0
-0.0
-0.0
-0.0
-0.0
-0.0
-0.0
0.8851128562857532
0.0
1.6453171580374069
4.547473508864641e-13
3.0
3.0
1.3
1.3
3.0
1.35
1.35
1.35
0.7099999999999957
0.71
0.71
1.57
0.65
0.65
0.65
0.65
0.45
0.45
0.45
0.45
1.0
1.0
1.0
1.9
1.9
1.9
1.9
1.9
1.9
1.9
4.6
3.0
3.0
4.6
3.0
0.0
126.98
320.0
0.0
0.0
943.5
140.0
0.0
0.0
0.0
0.0
0.0
0.0
0.0
0.0
4.218847493575595e-15
0.0
0.0
0.0
0.0
0.0
0.0
0.0
0.0
0.0
0.0
0.0
0.0
0.0
0.0
0.0
0.0
0.0
0.0
0.0
0.0
0.0
0.0
0.0
0.0
0.0
0.0
0.0
0.0
0.0
-0.0
0.0
0.0
0.0
1.5756682424974666
0.0
1.760567823525
0.0
1.6298631867106836
0.0
23.106155397500004
0.0
1.600002755190162
0.0
1.6084890311157214
0.0
1.3835417145095699
0.0
0.0
0.0
0.0
20.0
34.37413967656251
0.0
0.0
0.0
0.0
0.0
-0.0
-0.0
-0.0
-0.0
-0.0
-0.0
1.5773111025514583
0.0
62.6
23.525684858125
0.0
0.0
1.5989545387252115
1.2789769243681803e-12
1.602983004802681
0.0
1.5054942445422268
0.0
1.3049025190127668
0.0
0.8715920911791503
1.7053025658242404e-12
62.6
4.6
30.4
0.2850613587812499
0.9457581644062499
0.8008182872500003
0.3404544291875
0.1034086973125
0.0
0.0
0.0
0.0
0.0
0.0
0.0
0.0
0.8264938513155092
0.0
154.4
0.0
672.3
0.0
0.0
0.0
712.0
0.0
0.0
0.0
0.0
0.0
0.0
0.0
0.0
-0.0
-0.0
-0.0
-0.0
-0.0
0.0
-0.0
-0.0
0.31698388791414417
0.0
0.0
677.8
0.0
0.0
0.0
0.0
0.0
0.0
0.0
0.0
0.0
0.0
92.33618576015617
0.0
0.0
-0.0
-0.0
1.0
-0.0
-0.0
-0.0
-0.0
-0.0
-0.0
0.0
-0.0
-0.0
0.0
-0.0
0.3831174034400483
0.0
0.9705252839687499
0.37891413390625006
1.37923903140625
1.2750578078125
1.44235382403125
0.353364306625
0.0
0.0
0.0
0.0
0.0
0.0
1.4128579243067214
1.0231815394945443e-12
1.5707615030410897
0.0
1.6395740611609357
0.0
1.1149123753546781
0.0
12.986174990874996
3.157245198125
1.7763568394002505e-15
0.0
1.6115308971521947
0.0
0.8
145.60452563437502
0.0
0.0
1.4093710538971083
0.0
1.4119068965222856
0.0
3.0
3.0
3.0
7.5
0.0
0.1
0.4
0.48
0.24
0.49
0.05
0.049999999999999156
0.0
0.0
0.0
0.0
0.0
0.0
0.0
0.0
0.0
0.0
0.0
0.0
0.0
0.0
-0.0
-0.0
-0.0
1.1747995444087165
0.0
1.18128127075205
0.0
0.0
0.0
2.16
0.0
0.0
0.0
-0.0
-0.0
-0.0
1.18222155377888
0.0
1.1560297105940185
3.424815986363683e-12
1.0195040249111111
0.0
1.1267118158818468
0.0
0.0
0.0
0.0
-0.0
-0.0
1.0905846954692886
7.105427357601002e-15
1.0687709749350665
0.0
0.0
7.43
0.0
0.0
0.0
-0.0
-0.0
0.9489983966689299
1.4210854715202004e-14
1.0810243451992847
0.0
0.8916836740888282
0.0
0.8050507204942507
0.0
0.0
7.43
0.0
0.0
0.722925491473782
0.0
0.6604818493294806
0.0
0.65260007445411
0.0
0.0
98.2
0.0
82.0
0.0
0.0
0.0
0.0
-0.0
-0.0
-0.0
0.6218181550042026
0.0
0.6417412439066242
0.0
0.6688078482842328
1.7763568394002505e-15
0.6814752867421578
0.0
0.6817576354933781
0.0
0.0
0.0
38.592080125624996
0.0
0.0
0.0
-0.0
-0.0
-0.0
-0.0
-0.0
-0.0
0.6486539719355204
2.2737367544323206e-13
0.0
0.0
22.0
4.873759208187499
0.0
0.0
0.0
0.0
-0.0
-0.0
-0.0
-0.0
-0.0
-0.0
0.6451343810169341
0.0
75.0
75.0
0.0
0.0
0.0
0.0
-0.0
-0.0
-0.0
0.642529806605155
1.2292389328649733e-12
0.6501968463924966
1.7763568394002505e-15
0.66346745085746
0.0
97.98
97.98
46.7
0.0
0.0
0.0
0.5681960567534909
5.115907697472721e-13
0.4990217738094666
0.0
97.98
97.98
27.07
0.0
0.0
0.0
0.48423219068676776
0.0
0.0
97.98
0.0
0.0
-0.0
-0.0
-0.0
0.481765558547639
1.8829382497642655e-13
0.5241977874494673
0.0
0.501400756723134
7.105427357601002e-15
636.0
6.91
0.0
0.0
0.0
0.0
0.0
0.0
-0.0
-0.0
-0.0
-0.0
-0.0
-0.0
0.4863239080255705
0.0
596.4
77.0
0.0
0.0
0.43134885056578726
0.0
0.47283663687611643
0.0
0.5184546713332602
0.0
74.05
74.05
87.71
87.71
24.438448256874995
0.0
0.0
0.0
0.0
0.0
0.5836064130623421
0.0
320.0
0.0
0.8438023885796249
0.0
0.8423091854861408
0.0
0.0
0.0
0.8347380148731087
1.2256862191861728e-13
0.8423091854861408
0.0
100.0
0.0
0.9728828413502937
0.0
0.8822302205739053
4.831690603168681e-13
77.0
60.8
5.4262564079375
0.0
0.0
0.0
0.7477615901961289
0.0
60.8
41.55
0.0
0.0
0.0
0.0
0.0
0.0
-0.0
-0.0
-0.0
-0.0
-0.0
-0.0
0.6188808776076727
0.0
0.6263994526812078
0.0
0.6206260806462898
0.0
140.0
27.07
80.67
80.67
0.0
0.0
0.0
0.0
0.5713712391441462
0.0
0.5371419907351276
0.0
6.405155780531251
33.925199058749996
3.15386482271875
0.0
0.0
0.0
0.5579785891707536
0.0
0.4134901220506692
0.0
0.15303797001956365
0.0
0.0
0.0
0.0
0.0
0.0
0.0
0.0
0.0
-0.0
0.0
-0.0
0.0
-0.0
-0.0
-0.0
-0.0
-0.0
0.0
-0.0
-0.0
-0.0032948905450582845
0.0
-1.1029532625709797
0.0
314.9505259527282
668.0
36.14947404727178
0.0
-3.141592653589793
0.0
0.1753853401333145
0.0
336.5
595.0
0.0
0.0
0.15540129523000126
0.0
0.0
0.0
0.0
0.0
0.0
0.0
0.0
0.0
0.0
0.0
-0.0
0.0
-0.0
0.0
0.3787236135649988
0.0
0.0
0.0
0.0
0.0
0.0
0.0
-0.0
-0.0
-0.0
-0.0
-0.0
-0.0
-0.0
-0.0
-0.0
0.38918279942781764
0.0
0.0
0.0
0.0
0.0
73.76111291749999
0.0
0.0
0.0
0.0
0.0
0.40509677600664573
0.0
0.5350062463833213
0.0
0.6099514044259758
6.394884621840902e-13
0.6622760127650626
0.0
0.6309465633352371
7.425171588693047e-13
0.6100539982224549
0.0
0.604412174426433
0.0
110.0
41.55
41.55
7.43
0.0
0.0
0.0
0.0
0.46562222895010646
0.0
0.0
0.0
0.0
0.0
0.0
0.0
0.0
0.0
15.545687955625006
63.02710845478125
0.0
0.0
0.0
0.0
0.0
0.0
0.0
0.0
0.0
0.0
-0.0
-0.0
-0.0
-0.0
-0.0
-0.0
-0.0
-0.0
-0.0
-0.0
-0.0
-0.0
-0.0
-0.0
-0.0
-0.0
-0.0
-0.0
-0.0
-0.0
-0.0
0.5869181940656019
0.0
0.5810901583141755
0.0
0.4715858801655377
0.0
1.2
1.2
1.6
1.6
1.6
1.6
0.95
0.95
0.95
0.95
1.88
1.88
2.8500000000000014
2.29
2.29
1.2
3.0
3.0
1.6
0.9
0.9
3.0
1.88
0.0
0.0
0.0
0.0
0.0
0.0
0.0
0.0
0.0
0.0
0.0
0.0
0.0
0.0
0.0
0.0
0.0
0.0
0.0
0.0
0.0
0.0
0.0
0.0
0.0
0.6397009449305909
0.0
26.841006857187498
0.0
0.6201808484104937
0.0
0.0
39.8584565909375
0.0
0.0
0.5710111029809564
1.4210854715202004e-13
0.5205632076419182
0.0
0.0
0.0
751.1
0.0
0.0
0.0
0.0
0.0
0.0
0.0
0.0
0.0
0.0
0.0
0.0
0.0
0.0
0.0
-0.0
-0.0
-0.0
-0.0
-0.0
-0.0
-0.0
-0.0
-0.0
-0.0
-0.0
-0.0
-0.0
-0.0
-0.0
-0.0
-0.0
-0.0
-0.03443075153509961
0.0
0.6830104465753486
0.0
0.7264546050648335
0.0
28.2126264678125
0.0
0.8155886022321537
0.0
0.0
0.0
0.0
0.0
0.0
0.0
0.0
0.0
0.0
0.0
0.0
0.0
0.0
0.0
0.0
0.0
0.0
0.0
-0.0
-0.0
-0.0
-0.0
-0.0
0.0
-0.0
-0.0
-0.0
-0.0
-0.0
-0.0
-0.0
-0.0
-0.0
-0.0
-0.0
-0.0
-0.0
-0.0
-0.0
-0.0
-0.0
-0.0
-0.0
-0.0
-0.0
0.8155886022321537
0.0
0.0
0.0
0.0
0.0
0.0
1.35
4.65
0.0
22.7911420234375
-0.0
0.0
0.0
0.0
0.0
0.0
0.0
0.0
0.0
-0.0
-0.0
-0.0
-0.0
-0.0
-0.0
-0.0
-0.0
-0.0
-0.0
-0.0
-0.0
-0.0
-0.0
-0.0
0.8649103293488599
0.0
619.0
0.0
1.2246172448101549
0.0
1.4744649004360857
7.105427357601002e-15
1.4800620012769115
0.0
40.71
27.07
0.0
0.0
0.5157095813327386
0.0
1.759616288196207
0.0
0.829130144560337
0.0
-157.61634732043353
-177.45356623666817
-309.61501082553366
-271.02169617406923
240.91190202232946
-100.71828591222771
-636.0
971.2628589352895
-636.0
112.49686127651799
149.71424991335698
-355.35160987491236
-289.0078085364473
-162.65451811717105
-225.54947275078604
157.66164908374446
76.6548008672742
-65.69765480432667
-15.313041804783154
39.35346355837703
-495.334189102859
-124.90134182413769
383.70175853715875
43.90149325471731
3.4431333995430755
-2.6604478805957115
-114.827750646943
-206.79559331900037
-272.5222816520022
-91.6630891445756
-693.2602540812577
-173.12438618550266
672.3153597332395
184.68254818393095
72.97195982586301
692.3436577153975
-335.2628589352895
850.9243861855026
145.86639963996623
-84.7225498682336
466.4171402378041
-205.23841946826823
-4.6183714025605695
-151.20245873617458
-171.7226697658238
9.218461047706542
-50.80796813471922
-180.19520135469108
27.694064817145232
-199.67908309115592
364.06849519992835
-27.658391237455042
-38.95536614317941
-176.6821304651847
-59.71424861639625
-44.79203394355994
-77.3695621815009
-88.72042834040663
-77.15593769589367
-55.78536538144303
-96.1520017325754
-60.564328182600995
-49.16822216067051
-37.2092153542866
-61.86191092044495
-101.2941924593771
-101.2941924593771
-98.51213198350283
-60.95429594650615
26.493469284287357
34.29904618983737
21.543262682167438
0.17269036771679325
-27.134150455686587
9.285749801998463
9.221930217381157
-4.978204976778957
-64.12738566757525
-17.24883716334115
7.936894186953218
6.310151108721165
21.674579963570643
-7.427534667896259
-35.08849332010601
-29.615039781391403
-31.101987382585513
-35.652606242153716
-47.70640202940752
-55.97591071394754
-109.5524675695216
-30.759741994586605
-6.56019185917512
113.98515363166695
-113.98515363166695
-64.06181357570597
-540.750625665113
-49.92334005596097
-207.2571321746567
-207.2571321746567
-23.126930265378093
-7.631556984199687
-148.58123639413657
40.8746663165558
200.8172706730605
-27.672943220418873
-11.793747512589675
176.0857884763475
204.87872087893072
4.206205895896611
-4.206205896465406
4.206205896465283
-4.206205896465406
0.0
97.56647979448226
27.253781557917023
244.77361270019924
-223.28231716580635
-87.08156256290268
34.92521242108455
-131.74054176386062
60.633669947620334
-23.66136080035872
-97.95801744567211
-45.247274728073
-69.96426347497432
92.51148219671302
92.51148219671302
-71.39775903868826
-394.23865510768405
-197.31223639351515
-281.6114950072512
-243.8890179639752
-894.0311967896043
-982.9505259527282
175.17669675015944
91.7318992949691
-28.067478796339117
118.78846719566559
223.99430122057018
12.510987876236982
494.4464966368594
157.9351554455348
12.510987876236982
153.1951301587228
129.65482811246284
102.38409571822093
120.56361366162476
32.733694613435546
137.6754229642463
24.16013683058236
41.41623029345954
30.593458593853384
-51.33447096756983
61.63437899440717
-39.7124316550229
-57.27504466462288
-23.60741821019273
-9.773173386339927
149.19552903243022
-4.618094889954094
118.94294127332883
-97.77167692311971
100.53857308873694
16.305222717040664
-12.323293257380817
-42.270671970062665
-28.975976603736086
-130.07869163698746
-92.22649971080955
-330.8425434322077
159.3162782633628
-303.27538751083506
150.84777252327913
97.01470341297315
116.97374956294456
0.0
77.06519861985359
-527.9882713928362
-91.01172860716383
106.36249433792713
90.69376107206111
53.818277313480394
-67.78
131.3914612160138
-110.39516842726658
149.574548454045
2.191406342642476
0.0
2.0340552009302155
0.0
2.11617403200535
5.684341886080802e-14
0.0
0.0
0.0
0.0
0.0
0.0
0.0
0.0
0.0
0.0
0.0
0.0
-0.0
-0.0
-0.0
-0.0
-0.0
-0.0
-0.0
-0.0
-0.0
-0.0
-0.0
-0.0
-0.0
-0.0
-0.0
1.8481811643020494
0.0
1.8234628698182869
2.2737367544323206e-12
0.0
0.0
0.0
0.0
0.0
0.0
0.0
0.0
0.0
0.0
-0.0
-0.0
0.0
0.0
0.0
-0.0
-0.0
0.0
-0.0
0.0
-0.0
-0.0
-0.0
0.0
0.0
1.953613606405771
0.0
1.9327135045373944
0.0
0.0
0.0
0.0
0.0
0.0
0.0
-0.0
-0.0
-0.0
-0.0
-0.0
-0.0
-0.0
-0.0
-0.0
1.564006531689197
0.0
1.3700265317134444
0.0
636.0
0.0
0.0
0.0
0.0
0.0
0.0
0.0
0.0
0.0
0.0
0.0
0.0
0.0
-0.0
-0.0
-0.0
-0.0
-0.0
-0.0
-0.0
-0.0
-0.0
-0.0
-0.0
-0.0
1.165234531706072
0.0
1.925725212898517
6.821210263296962e-13
3.0
3.0
1.3
1.299999999999998
3.0
1.35
1.35
1.35
0.71
0.71
0.71
1.57
0.65
0.65
0.65
0.65
0.45
0.45
0.45
0.45
1.0
1.0
1.0
1.899999999999999
1.9
1.9
1.9
1.9
1.9
1.9
4.6
3.0
3.0
4.6
3.0
0.0
126.98
320.0
0.0
0.0
943.5
140.0
0.0
0.0
0.0
1.9984014443252818e-15
0.0
0.0
0.0
0.0
0.0
0.0
0.0
0.0
0.0
0.0
0.0
0.0
0.0
0.0
0.0
0.0
0.0
0.0
0.0
0.0
0.0
0.0
0.0
0.0
0.0
0.0
0.0
0.0
0.0
0.0
0.0
0.0
0.0
0.0
-0.0
0.0
0.0
0.0
1.8561233051077946
0.0
2.0412514160763173
0.0
1.910661029542354
0.0
21.30507645875
0.0
1.8818137737753393
0.0
1.8893490710637486
0.0
1.6653880351013095
1.1368683772161603e-13
0.0
0.0
0.0
20.0
31.108733605312505
0.0
0.0
0.0
0.0
0.0
-0.0
0.0
-0.0
0.0
-0.0
-0.0
1.8601459926036539
0.0
62.6
20.914424321875
0.0
0.0
1.8812180671511023
4.547473508864641e-13
1.884828102502783
0.0
1.7870736410601118
0.0
1.5862120439189276
0.0
1.1524987247842498
3.410605131648481e-13
62.6
4.6
30.4
0.27776877403125005
0.95743239128125
0.8081373201250001
0.34450006143750006
0.10450416406250002
0.0
0.0
0.0
0.0
0.0
0.0
0.0
0.0
1.1044909486746204
0.0
154.4
0.0
672.3
0.0
0.0
0.0
712.0
0.0
0.0
0.0
0.0
0.0
0.0
0.0
-0.0
-0.0
-0.0
-0.0
-0.0
-0.0
0.0
-0.0
-0.0
0.598555053130917
0.0
0.0
677.8
0.0
0.0
0.0
0.0
0.0
0.0
0.0
0.0
0.0
0.0
0.0
0.0
0.0
-0.0
-0.0
0.0
-0.0
-0.0
-0.0
-0.0
-0.0
-0.0
0.0
-0.0
-0.0
1.0
-0.0
0.6641677668342248
0.0
0.98408090896875
0.3679126609062501
1.39372826665625
1.2881986086875
1.4574661071562496
0.35435358387500004
0.0
0.0
0.0
0.0
2.220446049250313e-16
0.0
1.6980053422394177
0.0
1.8556687491895199
0.0
1.9242562080691956
0.0
1.3947902529706173
0.0
13.133717727624997
3.206601701625
1.7763568394002505e-15
0.0
1.896153749249267
0.0
0.8
133.96630785937504
0.0
0.0
1.6958662855519915
0.0
1.6914462097531828
0.0
3.0
3.0
3.0
7.5
0.0
0.1
0.3999999999999993
0.48
0.24
0.49
0.05
0.05
0.0
0.0
0.0
0.0
0.0
0.0
0.0
0.0
0.0
0.0
0.0
0.0
0.0
0.0
-0.0
-0.0
-0.0
1.4517466514876072
0.0
1.4582196541106895
0.0
0.0
0.0
2.16
0.0
0.0
0.0
-0.0
-0.0
-0.0
1.4591711106587397
0.0
1.4328508639801594
2.8563817977556027e-12
1.2956448930083355
0.0
1.4026594213141284
0.0
0.0
0.0
0.0
-0.0
-0.0
1.3659748093590147
0.0
1.3437366994971358
0.0
0.0
7.43
0.0
0.0
0.0
-0.0
-0.0
1.222607544859939
0.0
1.3562106519918629
0.0
1.1641401845672608
0.0
1.076452981474051
7.105427357601002e-15
0.0
7.43
0.0
0.0
0.993359105888204
0.0
0.9299850730607369
0.0
0.9228773326221547
0.0
0.0
98.2
0.0
82.0
0.0
0.0
0.0
0.0
-0.0
-0.0
-0.0
0.8920172111846845
0.0
0.91241477991528
0.0
0.9400997125175385
0.0
0.9529575050301439
0.0
0.9536630193519366
0.0
0.0
0.0
34.649202018124996
0.0
0.0
0.0
-0.0
-0.0
-0.0
-0.0
-0.0
-0.0
0.9207739178442205
2.3163693185779266e-12
0.0
0.0
22.0
4.4235675695625
0.0
0.0
0.0
0.0
-0.0
-0.0
-0.0
-0.0
-0.0
-0.0
0.9170979507477801
0.0
75.0
75.0
0.0
0.0
0.0
0.0
-0.0
-0.0
-0.0
0.9144751483983048
0.0
0.9216337121392684
0.0
0.935055996467785
0.0
97.98
97.98
46.7
0.0
0.0
0.0
0.8384810038596163
0.0
0.7683464328151832
0.0
97.98
97.98
27.07
0.0
0.0
0.0
0.7534479693250938
7.247535904753022e-13
0.0
97.98
0.0
0.0
-0.0
-0.0
-0.0
0.751013336619324
0.0
0.7934952404826102
0.0
0.7701865547962077
0.0
636.0
6.91
0.0
0.0
0.0
0.0
0.0
0.0
-0.0
-0.0
-0.0
-0.0
-0.0
-0.0
0.7538525767703739
0.0
596.4
77.0
0.0
0.0
0.700185735209353
0.0
0.7419192759434976
0.0
0.7833540791752442
0.0
74.05
74.05
87.71
87.71
23.023059984374996
0.0
0.0
0.0
0.0
0.0
0.8476410345775425
0.0
320.0
0.0
1.10966671751073
0.0
1.1092202052538416
0.0
0.0
0.0
1.1069561994448098
0.0
1.1092202052538416
0.0
100.0
0.0
1.236163490237557
0.0
1.144782535986812
2.984279490192421e-13
77.0
60.8
4.9040292275625
0.0
0.0
0.0
1.0081750335430573
0.0
60.8
41.55
0.0
0.0
0.0
0.0
0.0
0.0
-0.0
-0.0
-0.0
-0.0
-0.0
-0.0
0.8749875033950314
0.0
0.8826300600243264
0.0
0.8770381750774294
0.0
140.0
27.07
80.67
80.67
0.0
0.0
0.0
0.0
0.8282079521755574
0.0
0.7991940832768559
0.0
6.46562482428125
34.376222651249996
3.368729600468746
0.0
0.0
4.440892098500626e-15
0.7992392065924624
0.0
0.6437681591535077
1.7053025658242404e-13
0.3661406252623054
0.0
0.0
0.0
0.0
0.0
0.0
0.0
0.0
0.0
-0.0
0.0
-0.0
0.0
-0.0
-0.0
-0.0
-0.0
-0.0
0.0
-0.0
-0.0
0.20133494601892943
0.0
-0.9741978657450212
0.0
377.03123801337347
668.0
0.0
0.0
-3.141592653589793
0.0
0.3958460464731997
0.0
336.5
595.0
0.0
0.0
0.38627107673457467
2.5579538487363607e-13
0.0
0.0
0.0
0.0
0.0
0.0
0.0
0.0
0.0
0.0
-0.0
-0.0
-0.0
0.0
0.6125970889328874
0.0
0.0
0.0
0.0
0.0
0.0
0.0
-0.0
-0.0
-0.0
-0.0
-0.0
-0.0
-0.0
-0.0
-0.0
0.6256866321717827
0.0
0.0
0.0
0.0
0.0
66.15708039499998
0.0
0.0
0.0
0.0
0.0
0.6456027793044044
0.0
0.7797975435740324
0.0
0.8582769216220812
2.984279490192421e-13
0.9105447985960541
0.0
0.8787126185300284
1.1723955140041653e-12
0.8622577922502039
0.0
0.860308759637197
0.0
110.0
41.55
41.55
7.43
0.0
0.0
0.0
0.0
0.7205102337336281
0.0
0.0
0.0
0.0
0.0
0.0
0.0
0.0
0.0
13.706102234375003
65.20198498553125
0.0
0.0
0.0
0.0
0.0
0.0
0.0
0.0
0.0
0.0
-0.0
-0.0
-0.0
-0.0
-0.0
-0.0
-0.0
-0.0
-0.0
-0.0
-0.0
-0.0
-0.0
-0.0
-0.0
-0.0
-0.0
-0.0
0.0
-0.0
-0.0
0.8410371212735508
0.0
0.8296877283489216
0.0
0.7148208556186042
0.0
1.2
1.2
1.6
1.6
1.6
1.6
0.95
0.95
0.95
0.95
1.88
1.88
3.75
2.29
2.29
1.2
3.0
3.0
1.6
0.9
0.9
3.0
1.88
0.0
0.0
0.0
0.0
0.0
0.0
0.0
0.0
0.0
0.0
0.0
0.0
0.0
0.0
0.0
0.0
0.0
0.0
0.0
0.0
0.0
0.0
0.0
0.0
0.0
0.8985998385210062
0.0
23.4135272059375
0.0
0.8826281108151868
0.0
0.0
35.7938821084375
0.0
0.0
0.83428312328546
0.0
0.7826805762553405
0.0
0.0
0.0
751.1
0.0
0.0
0.0
0.0
0.0
0.0
0.0
0.0
0.0
0.0
0.0
0.0
0.0
0.0
0.0
-0.0
-0.0
-0.0
-0.0
-0.0
-0.0
-0.0
-0.0
-0.0
-0.0
-0.0
-0.0
-0.0
-0.0
-0.0
-0.0
-0.0
-0.0
0.2287384405543337
0.0
0.9479652184056097
0.0
0.99208794280257
0.0
24.9953401890625
0.0
1.0829028887201455
0.0
0.0
0.0
0.0
0.0
0.0
0.0
0.0
0.0
0.0
0.0
0.0
0.0
0.0
0.0
0.0
0.0
0.0
0.0
-0.0
-0.0
-0.0
-0.0
-0.0
0.0
-0.0
-0.0
-0.0
-0.0
-0.0
-0.0
-0.0
-0.0
-0.0
-0.0
-0.0
-0.0
-0.0
-0.0
-0.0
-0.0
-0.0
-0.0
-0.0
-0.0
-0.0
1.0829028887201455
0.0
0.0
0.0
0.0
0.0
0.0
1.35
4.65
0.0
20.362061133437503
-0.0
0.0
0.0
0.0
0.0
0.0
0.0
0.0
0.0
-0.0
-0.0
-0.0
-0.0
0.0
-0.0
-0.0
-0.0
-0.0
-0.0
-0.0
-0.0
-0.0
-0.0
-0.0
1.134079551929077
0.0
619.0
0.0
1.5070638752388699
0.0
1.760369959715376
0.0
1.7658688340066946
0.0
40.71
27.07
0.0
0.0
0.7806089891747227
0.0
2.0400018668265307
0.0
1.0907091362230241
0.0
-157.5086503624653
-177.43469489604325
-309.753063686472
-271.0288538693216
241.01988258869622
-100.48125898900989
-636.0
971.7465847375984
-636.0
112.7093729527686
149.94478459311085
-355.1117744197345
-288.8504801641893
-162.53170431097215
-225.26529247153636
158.03858162846313
77.13963852122342
-65.23635118979769
-14.793464495313358
39.83904789598937
-495.25340647916255
-124.35371237172437
385.65932182538694
42.74254472261464
3.085500300578832
-1.5119457468008477
-115.1407084588665
-207.07381147540326
-272.7756724073826
-97.57678070087107
-692.4295895666659
-171.76103062903076
674.5093798043032
184.40164551234065
72.7332543750056
697.4169643547893
-335.74658473759837
849.5610306290307
147.64281135158967
-84.90168827059782
471.2641463518863
-203.33752651691728
-2.833187664912657
-153.02858844218696
-173.8750670723274
9.32800537339427
-51.04384333093965
-182.10939842842834
27.703205865537342
-201.01901599245502
365.882589303933
-28.482493080705723
-39.807175367181394
-183.6025184633587
-60.635722240463686
-45.66346993449349
-78.34276748128991
-89.72529972632205
-78.26832413194805
-56.83283729474006
-97.3220899658987
-61.27866930746885
-49.9008132497745
-37.29194352697294
-60.748579001684035
-102.34994849972027
-102.34994849972027
-99.15901628420905
-61.10915136743827
27.12442650258345
35.0967163013884
21.86699406765735
0.431507230449359
-26.95827992279393
9.95041752793776
9.882029780373736
-5.199387689443687
-65.95570101391604
-17.3695519825157
7.410521468323811
6.879800167004127
21.305225737176215
-7.014904101848279
-35.88875446384645
-30.276551608887814
-31.796713192987845
-36.43046658732334
-48.368669684848705
-56.68868969251611
-110.35898880940694
-30.896784657721597
-6.475086983223264
116.54342843201275
-116.54342843201275
-62.457408481300945
-549.4851077672918
-54.0860199507118
-208.73936453279748
-208.73936453279748
-23.315413489273567
-7.77270143232264
-145.0455177484439
41.116788901601225
184.38439003043993
-29.64148253503302
-13.696350804289978
173.74852813343168
206.3194353796373
1.2577810049482068
-1.2577810051182041
1.2577810051182254
-1.2577810051182041
0.0
95.61358482563082
24.904835800183832
243.55860769838966
-225.07624197935274
-89.99157442758168
27.075711700456964
-134.96499880539687
61.63352120374596
-22.917561259241268
-96.45268292192782
-44.5519535432472
-69.36111205432717
78.41586189700826
78.41586189700826
-88.80222371779314
-424.20476784196285
-210.3238893182473
-298.9413602368283
-257.1071438236627
-955.7177331634045
-1045.0312380133735
190.69715731535462
106.89949752702206
-13.447991205718807
120.38617669737789
227.0070332798199
15.657348374452056
513.5281239520058
164.0301723920999
15.657348374452056
158.24854276825565
134.6038875417567
107.21226512598433
120.43289623051103
27.749816680778224
149.94983385795945
23.516337059326474
36.45593157231134
29.72296987105627
-52.28044584517851
66.24892947179174
-29.72379370376848
-58.194113469426725
-18.593024047881322
-10.766278415886283
148.2495541548215
-8.993179813024383
123.82482348412891
-102.55970779984919
109.64327096123952
20.387739970085338
-10.083161430231929
-39.579517069017925
-25.483207431099636
-127.89679243072902
-94.33738031619305
-330.8987337136637
161.70995042001903
-302.7006205840864
153.20390414630714
101.65639833680888
119.17971905145959
0.0
79.96353626395513
-525.9938865525147
-93.00611344748529
105.39816039094165
91.58365958343973
52.873791260563024
-67.78
131.3418298017242
-112.41871052751303
151.71710050493496
