0.571180937570686
0.0
0.4645749656490983
0.0
0.5166852369126351
0.0
0.0
0.0
0.0
0.0
0.0
0.0
0.0
0.0
0.0
0.0
0.0
0.0
0.32026021120589254
0.0
0.30150124935290545
0.0
0.0
0.0
0.0
0.0
0.0
0.0
0.0
0.0
0.0
0.0
0.40163388346163087
0.0
0.39031552097151945
0.0
0.0
0.0
0.0
0.0
0.0
0.0
0.10264187713387196
0.0
-0.09133812284188059
0.0
636.0
0.0
0.0
0.0
0.0
0.0
0.0
0.0
0.0
0.0
0.0
0.0
0.0
0.0
-0.2961301228492532
0.0
0.3867796952060054
0.0
3.0
3.0
0.0
0.0
3.0
0.0
0.0
0.0
0.0
0.0
0.71
0.0
0.65
0.65
0.65
0.65
0.0
0.0
0.0
0.0
0.0
0.0
0.0
0.0
0.0
0.0
0.0
0.0
0.0
1.9
0.0
0.0
3.0
0.0
0.0
0.0
0.0
0.0
0.0
0.0
943.5
140.0
0.0
0.0
0.0
0.0
0.0
0.0
0.0
0.0
0.0
0.0
0.0
0.0
0.0
0.0
0.0
0.0
0.0
0.0
0.0
0.0
0.0
0.0
0.0
0.0
0.0
0.0
0.0
0.0
0.0
0.0
0.0
0.0
0.0
0.0
0.0
0.0
0.0
0.0
0.0
0.0
0.0
0.0
0.34201695833863566
0.0
0.4797838487808468
0.0
0.39293864135256173
0.0
0.0
0.0
0.4074812862536126
0.0
0.3762982017585239
0.0
0.24264120468314054
0.0
0.0
0.0
0.0
20.0
0.0
0.0
0.0
0.0
0.0
0.0
0.40020037699655653
0.0
0.0
0.0
0.0
0.0
0.4274450299891446
0.0
0.46475601857743687
0.0
0.4213348388145146
0.0
0.30909501851375554
0.0
0.05174485470012069
0.0
0.0
4.6
30.4
4.859164464687501
14.405858045625
1.808355853125
0.9370236725625
0.023617023562500002
0.0
0.0
0.0
0.0
0.0
0.0
0.0
0.0
0.0197088859077037
0.0
0.0
0.0
663.5427603770211
0.0
0.0
0.0
0.0
0.0
0.0
0.0
0.0
0.0
0.0
0.0
-0.2929244850923647
0.0
0.0
677.8
0.0
0.0
0.0
0.0
0.0
0.0
0.0
0.0
0.0
0.0
0.0
0.0
-0.3674091433708373
0.0
6.070228633625001
8.1056141993125
0.5945587632499999
0.281375767125
0.314822444125
5.639097597625
0.0
0.0
0.0
0.0
0.0
0.0
0.40421364128814075
0.0
0.4951546345360254
0.0
0.5214981254115578
0.0
0.04781088238583342
0.0
13.775021450625001
10.666770853125
0.0
0.0
0.494099371895234
0.0
0.8
0.0
0.0
0.0
0.39973335411654976
0.0
0.26975593681037324
0.0
0.0
3.0
0.0
0.0
0.0
0.1
0.4
0.48
0.24
0.49
0.05
0.05
1.68
0.0
0.0
0.0
0.0
0.0
0.0
0.0
0.0
0.0
0.0
0.0
0.0
0.0
0.09765129314294896
0.0
0.1016297633285328
0.0
0.0
0.0
2.16
0.0
0.0
0.0
0.10252428369847078
0.0
0.08187013818706657
0.0
-0.0213726640845886
0.0
0.05203524486077393
0.0
42.0
0.0
0.020556687307144106
0.0
0.010863260299252886
0.0
0.0
7.43
0.0
0.0
-0.06019404670300954
0.0
0.04263013273105942
0.0
-0.07676737299368508
0.0
-0.13335742314047572
0.0
0.0
7.43
0.0
0.0
-0.19172496288895324
0.0
-0.23836400008606207
0.0
-0.23644125963982487
0.0
0.0
0.0
0.0
82.0
0.0
0.0
0.0
0.0
-0.2573238553769972
0.0
-0.25338346761469754
0.0
-0.24588878568985928
0.0
-0.23932318666374597
0.0
-0.24710095967692292
0.0
0.0
0.0
0.0
0.0
0.0
0.0
-0.2777267948223603
0.0
0.0
0.0
22.0
0.0
0.0
0.0
0.0
0.0
-0.28530410356879
0.0
75.0
75.0
1.68
0.0
0.0
0.0
-0.2862333365161156
0.0
-0.2665135140346395
0.0
-0.2587284274060826
0.0
97.98
97.98
46.7
0.0
0.0
0.0
-0.36794320339477693
0.0
-0.41362250131086986
0.0
97.98
97.98
27.07
0.0
0.0
0.0
-0.42687604505564813
0.0
0.0
97.98
0.0
0.0
-0.41492871627803085
0.0
-0.39726637447217517
0.0
-0.4124597273612589
0.0
636.0
6.91
0.0
1.68
0.0
0.0
0.0
0.0
-0.4191564367009617
0.0
0.0
77.0
0.0
0.0
-0.3627613470648936
0.0
-0.37353263525512226
0.0
-0.40850611886359456
0.0
74.05
74.05
87.71
87.71
0.0
0.0
0.0
0.0
0.0
0.0
-0.33966298810508944
0.0
0.0
0.0
0.003084823650322477
0.0
0.00451897725962036
0.0
0.0
0.0
0.011790742037411928
0.0
0.00451897725962036
0.0
0.0
0.0
0.03880341795240172
0.0
-0.07019308890158404
0.0
77.0
60.8
0.0
0.0
0.0
0.0
-0.23697353361217388
0.0
60.8
41.55
1.68
0.0
0.0
0.0
0.0
0.0
-0.38314616337049134
0.0
-0.3798047815480645
0.0
-0.38855483771849375
0.0
140.0
27.07
80.67
80.67
0.0
0.0
0.0
0.0
-0.4380888315058997
0.0
-0.4189531607408399
0.0
0.0
0.039564850875
21.154378933125
0.0
0.0
0.0
-0.4766695631373117
0.0
-0.60048527825262
0.0
-0.8185177401649346
0.0
100.0
0.0
0.0
0.0
0.0
0.0
0.0
0.0
-0.9457773461383439
0.0
-1.7140584534547487
0.0
688.3
0.0
0.0
0.0
-3.141592653589793
0.0
-0.8031070183275588
0.0
0.0
595.0
0.0
0.0
-0.8071541582384532
0.0
0.0
0.0
0.0
0.0
0.0
0.0
0.0
0.0
-0.6770238323685365
0.0
0.0
100.0
0.0
0.0
0.0
0.0
-0.7077803242940499
0.0
0.0
0.0
0.0
0.0
0.0
0.0
0.0
0.0
0.0
0.0
-0.6273772833067213
0.0
-0.5289260842780878
0.0
-0.47057920250471375
0.0
-0.4223732777998275
0.0
-0.43128328853643616
0.0
-0.4285646088120787
0.0
-0.44496674855258966
0.0
110.0
41.55
41.55
7.43
0.0
0.0
0.0
0.0
-0.6066932374316933
0.0
0.0
0.0
0.0
0.0
0.0
0.0
0.0
0.0
0.0
0.0662178970625
0.0
0.0
0.0
0.0
0.0
0.0
0.0
0.0
0.0
0.0
-0.5102037950029055
0.0
-0.5087815680861407
0.0
-0.5822386597113023
0.0
1.2
1.2
1.5999984533995069
0.0
0.0
1.6
0.95
0.95
0.95
0.95
0.0
0.0
3.75
0.0
0.0
1.2
0.0
0.0
0.0
0.9
0.9
3.0
0.0
0.0
0.0
0.0
0.0
0.0
0.0
0.0
0.0
0.0
0.0
0.0
0.0
0.0
0.0
0.0
0.0
0.0
0.0
0.0
0.0
0.0
0.0
0.0
0.0
0.0
-0.49686884813859145
0.0
0.0
0.0
-0.5431883428373387
0.0
0.0
0.0
0.0
0.0
-0.6039116472203441
0.0
-0.6678759820092046
0.0
0.0
0.0
751.1
0.0
0.0
0.0
0.0
0.0
0.0
0.0
0.0
0.0
0.0
0.0
0.0
0.0
0.0
0.0
-1.2464926568052277
0.0
-0.5001825619353659
0.0
-0.459434258269499
0.0
0.0
0.0
-0.37010678079433434
0.0
0.0
0.0
0.0
0.0
0.0
0.0
0.0
0.0
0.0
0.0
0.0
0.0
0.0
0.0
0.0
0.0
0.0
0.0
-0.37010678079433434
0.0
0.0
0.0
0.93
0.0
0.0
1.35
4.65
0.0
0.0
0.0
0.0
0.0
0.0
0.0
0.0
0.0
0.0
0.0
-0.3260229625964466
0.0
619.0
0.0
0.10066658733178446
0.0
0.44628699589531795
0.0
0.45036157831272217
0.0
40.71
27.07
0.0
0.0
-0.4112512088641158
0.0
0.4711601255285056
0.0
-0.14100561547087764
0.0
-106.71268460608735
-128.52759588957247
-235.07470992213757
-199.2444329200972
185.43080391988212
-54.415204282864465
-636.0
744.7916562391456
-636.0
96.68529650560413
125.04170947702869
-228.38131053318875
-198.95780402926812
-109.16767410874985
-142.05459599895835
127.22866425292659
72.02501133504279
-29.58369988967172
7.457766615625246
41.104608403896805
-377.2084245720798
-74.2126580159603
311.99836104786596
55.26298781667958
31.889733836115397
50.6694003441919
-51.14391022403288
-115.71115494345054
-161.8554489368032
-65.11375770165364
-430.83667474060667
194.98601642682297
427.69210206323714
106.3637347678524
27.935833376435085
502.1400059932025
-108.79165623914537
482.8139835731772
160.8817448536047
-82.77569037469107
301.81136114574826
-95.80306369734166
-5.934155193003221
-110.71169569387826
-133.51973151828048
8.769807548744893
-39.7577970730772
-132.31394269008774
18.182800582341315
-167.88462715330525
275.3141394254951
-28.146125779071212
-36.496101711903975
-128.1176786591792
-52.0306736428837
-19.90436756928773
-44.12608415599448
-52.63504222100312
-48.65424031041562
-32.7312078584157
-62.80804675348497
-43.04390836653545
-36.72365133615938
-23.659416270278825
-30.33576846549647
-61.03090051435652
-61.03090051435652
-66.64861948173439
-41.3516747312093
5.239877343316039
8.346766194999532
11.165984737573353
-4.757047714426562
-25.10314356037793
-7.059840637602065
-7.01131939736149
-10.717551267924136
-89.07373502605833
-6.153860578041872
20.413894901052117
-9.798542104218654
28.472990786941864
-17.8576379901084
-39.34426889381075
-32.553731824005126
-34.18822881617314
-38.294300200944804
-31.502964079434264
-39.28856110921197
-98.174398104067
-2.3283689250338284
31.774810577752305
75.96676444542004
-75.96676444542004
-53.792230208968704
-403.43181808467443
-22.17453423645111
-114.73067650114854
-114.73067650114854
23.929985876006413
35.381265831510404
152.41916119532857
-10.612106591607585
66.56448648354649
-36.46471850898263
-25.413312569687264
186.0625155839923
269.88016673546554
-4.039869320772482
4.039869321318633
-4.039869321318633
4.039869321318633
0.0
26.99818163368718
-51.97015074925514
220.87696654743968
-268.4643025750832
-98.76529038079707
-43.052648777582476
-156.55481465350044
26.94662760010783
-35.86088594667683
-113.28385181992053
-52.32635060619759
-70.36078660732278
-51.71802910044585
-51.71802910044585
-109.64056248800205
-337.83278334378656
-165.17610751461507
-233.30545128253686
-198.5329265724501
-624.6187864504677
-688.3000000000002
139.87287040804586
80.12901034940182
-5.684185268019746
69.21825843923011
130.52189153397785
-36.79006211789135
355.9938117816032
113.71086332657137
63.20993788210865
116.09811206021027
99.23929164604624
79.70885490620856
111.07355920674536
3.739309324217743
85.63448038671788
45.21969385702505
10.197240575703518
-6.368441709719832
-81.84679899244895
39.71982653810551
-68.31826292655046
-16.28886789231933
3.0719544912753918
-36.44527734803944
118.68320100755102
1.1269626915138815
80.74887943501938
-65.58668895418532
25.39989879234463
-16.1688959962363
-29.24210523849979
-65.8724917442637
-68.85248340769374
-160.64366241910426
-116.93662667710919
-351.1371636872208
147.55204168976138
-316.1839752800345
141.48716549742778
69.9184044866414
117.22766072809327
0.0
68.8809659341996
-471.6764695756464
-147.32353042435352
76.06804211730196
62.27791769735097
39.17867708886217
-67.77999999999997
92.24511942318077
-147.2193899568042
176.41161421903337
0.5820962309755919
0.0
0.475542306128109
0.0
0.5276507166958844
0.0
0.0
0.0
0.0
0.0
0.0
0.0
0.0
0.0
0.0
0.0
0.0
0.0
0.33142332685183584
0.0
0.3126846284224021
0.0
0.0
0.0
0.0
0.0
0.0
0.0
0.0
0.0
0.0
0.0
0.4126884146504324
0.0
0.4013565724201418
0.0
0.0
0.0
0.0
0.0
0.0
0.0
0.11405994993136614
0.0
-0.0799200500443864
0.0
636.0
0.0
0.0
0.0
0.0
0.0
0.0
0.0
0.0
0.0
0.0
0.0
0.0
0.0
-0.28471205005175904
0.0
0.39783710251363624
0.0
3.0
3.0
0.0
0.0
3.0
0.0
0.0
0.0
0.0
0.0
0.71
0.0
0.65
0.65
0.65
0.65
0.0
0.0
0.0
0.0
0.0
0.0
0.0
0.0
0.0
0.0
0.0
0.0
0.0
1.9
0.0
0.0
3.0
0.0
0.0
0.0
0.0
0.0
0.0
0.0
943.5
140.0
0.0
0.0
0.0
0.0
0.0
0.0
0.0
0.0
0.0
0.0
0.0
0.0
0.0
0.0
0.0
0.0
0.0
0.0
0.0
0.0
0.0
0.0
0.0
0.0
0.0
0.0
0.0
0.0
0.0
0.0
0.0
0.0
0.0
0.0
0.0
0.0
0.0
0.0
0.0
0.0
0.0
0.0
0.35305756782203623
0.0
0.49082759941501575
0.0
0.40401755756607294
0.0
0.0
0.0
0.41875709347224266
0.0
0.38754617698595606
0.0
0.25448747728844845
0.0
0.0
0.0
0.0
20.0
0.0
0.0
0.0
0.0
0.0
0.0
0.41172458895383146
0.0
0.0
0.0
0.0
0.0
0.438753696529127
0.0
0.4769298707094034
0.0
0.4341875886391944
0.0
0.3227688069833201
0.0
0.0668176354359793
0.0
0.0
4.6
30.4
4.826185553437501
14.422643743124999
1.821246054625
0.9317396693125
0.0220715835625
0.0
0.0
0.0
0.0
0.0
0.0
0.0
0.0
0.03306836189716744
0.0
0.0
0.0
650.339062432908
0.0
0.0
0.0
0.0
0.0
0.0
0.0
0.0
0.0
0.0
0.0
-0.2738661822477564
0.0
0.0
677.8
0.0
0.0
0.0
0.0
0.0
0.0
0.0
0.0
0.0
0.0
0.0
0.0
-0.3505644759865083
0.0
6.041637581125
8.0737867908125
0.5422502324999999
0.251528543875
0.285636821125
5.834314662375
0.0
0.0
0.0
0.0
0.0
0.0
0.4193160350580416
0.0
0.5096527276174729
0.0
0.5353833129545156
0.0
0.05967197255754675
0.0
13.746819720625002
10.636243453125
0.0
0.0
0.5077959796562905
0.0
0.8
0.0
0.0
0.0
0.41411858627158615
0.0
0.27992199775649906
0.0
0.0
3.0
0.0
0.0
0.0
0.1
0.4
0.48
0.24
0.49
0.05
0.05
1.68
0.0
0.0
0.0
0.0
0.0
0.0
0.0
0.0
0.0
0.0
0.0
0.0
0.0
0.106631044941627
0.0
0.11058080026326111
0.0
0.0
0.0
2.16
0.0
0.0
0.0
0.11147733348513622
0.0
0.09085363604826702
0.0
-0.012145512955900273
0.0
0.06027289683769821
0.0
41.99999999999999
0.0
0.028408303153427017
0.0
0.0183916285501029
0.0
0.0
7.43
0.0
0.0
-0.05344047359343884
0.0
0.05038100361278319
0.0
-0.0707032351963286
0.0
-0.12787757906630226
0.0
0.0
7.43
0.0
0.0
-0.18660215917936362
0.0
-0.23341258207001214
0.0
-0.2314325645844848
0.0
0.0
0.0
0.0
82.0
0.0
0.0
0.0
0.0
-0.2523211283873419
0.0
-0.24853926169083884
0.0
-0.2412411619348469
0.0
-0.23473588468635986
0.0
-0.2426099375519568
0.0
0.0
0.0
0.0
0.0
0.0
0.0
-0.2732394890816199
0.0
0.0
0.0
22.0
0.0
0.0
0.0
0.0
0.0
-0.28083837998403016
0.0
75.0
75.0
1.68
0.0
0.0
0.0
-0.2817519135552393
0.0
-0.2618964727396329
0.0
-0.2541637316277616
0.0
97.98
97.98
46.7
0.0
0.0
0.0
-0.3634376457982249
0.0
-0.40896566492766784
0.0
97.98
97.98
27.07
0.0
0.0
0.0
-0.4221860069182486
0.0
0.0
97.98
0.0
0.0
-0.4102450845409944
0.0
-0.392571163773082
0.0
-0.4076662508059319
0.0
636.0
6.91
0.0
1.68
0.0
0.0
0.0
0.0
-0.41409801750040476
0.0
0.0
77.0
0.0
0.0
-0.35780572337513306
0.0
-0.36874030732317875
0.0
-0.4039393482416074
0.0
74.05
74.05
87.71
87.71
0.0
0.0
0.0
0.0
0.0
0.0
-0.33508520230309635
0.0
0.0
0.0
0.00925856488571064
0.0
0.011312629998794677
0.0
0.0
0.0
0.021727608034467938
0.0
0.011312629998794677
0.0
0.0
0.0
0.04373533461867929
0.0
-0.06555533569331695
0.0
77.0
60.8
0.0
0.0
0.0
0.0
-0.23312020589524485
0.0
60.8
41.55
1.68
0.0
0.0
0.0
0.0
0.0
-0.38012548669185975
0.0
-0.3768371578236751
0.0
-0.38564954844841237
0.0
140.0
27.07
80.67
80.67
0.0
0.0
0.0
0.0
-0.4352967334249893
0.0
-0.4150131101421044
0.0
0.0
0.0001448096250000041
20.468542198125
0.0
0.0
0.0
-0.47505488787293837
0.0
-0.5993454532326465
0.0
-0.818044876984493
0.0
100.0
0.0
0.0
0.0
0.0
0.0
0.0
0.0
-0.9455724248505155
0.0
-1.7140584534547487
0.0
688.3
0.0
0.0
0.0
-3.141592653589793
0.0
-0.8033350493886573
0.0
0.0
595.0
0.0
0.0
-0.8074132730746659
0.0
0.0
0.0
0.0
0.0
0.0
0.0
0.0
0.0
-0.6775781562893064
0.0
0.0
100.0
0.0
0.0
0.0
0.0
-0.7081961343696732
0.0
0.0
0.0
0.0
0.0
0.0
0.0
0.0
0.0
0.0
0.0
-0.6275823402590683
0.0
-0.528835300279908
0.0
-0.4701633588620955
0.0
-0.42165999397305587
0.0
-0.430012857098065
0.0
-0.4265703882425118
0.0
-0.4432540356679544
0.0
110.0
41.55
41.55
7.43
0.0
0.0
0.0
0.0
-0.6058518706488081
0.0
0.0
0.0
0.0
0.0
0.0
0.0
0.0
0.0
0.0
0.057999057312500005
0.0
0.0
0.0
0.0
0.0
0.0
0.0
0.0
0.0
0.0
-0.5101323042129522
0.0
-0.5089640083135736
0.0
-0.5824509782185157
0.0
1.2
1.2
1.5999984533995069
0.0
0.0
1.6
0.95
0.95
0.95
0.95
0.0
0.0
3.75
0.0
0.0
1.2
0.0
0.0
0.0
0.9
0.9
3.0
0.0
0.0
0.0
0.0
0.0
0.0
0.0
0.0
0.0
0.0
0.0
0.0
0.0
0.0
0.0
0.0
0.0
0.0
0.0
0.0
0.0
0.0
0.0
0.0
0.0
0.0
-0.49733902461359136
0.0
0.0
0.0
-0.5439684934793583
0.0
0.0
0.0
0.0
0.0
-0.6048096169005328
0.0
-0.6687847413022263
0.0
0.0
0.0
751.1
0.0
0.0
0.0
0.0
0.0
0.0
0.0
0.0
0.0
0.0
0.0
0.0
0.0
0.0
0.0
-1.2475965729144298
0.0
-0.5012188444545718
0.0
-0.46052263412865946
0.0
0.0
0.0
-0.3712846245831156
0.0
0.0
0.0
0.0
0.0
0.0
0.0
0.0
0.0
0.0
0.0
0.0
0.0
0.0
0.0
0.0
0.0
0.0
0.0
-0.3712846245831156
0.0
0.0
0.0
0.93
0.0
0.0
1.35
4.65
0.0
0.0
0.0
0.0
0.0
0.0
0.0
0.0
0.0
0.0
0.0
-0.3273277417508442
0.0
619.0
0.0
0.11284071357263903
0.0
0.46094109477057277
0.0
0.46506414701412746
0.0
40.71
27.07
0.0
0.0
-0.4066844382421291
0.0
0.4821071533900141
0.0
-0.1367564212184713
0.0
-106.66058543280917
-128.4092317897082
-234.82078230870388
-199.04267432172537
185.19219673339012
-54.48001072603881
-636.0
743.9126535125765
-636.0
96.53165066504346
124.85700014875738
-228.46701371803283
-198.8388608403513
-109.12071804615539
-142.05589589666926
127.20998207308924
72.0791934144072
-29.488750387024083
7.558736361835827
41.35324838466977
-375.90301178817595
-73.88045514093142
311.3606171903102
54.825776016881605
32.629208701058474
50.75279963696562
-50.34426629825714
-114.8647233508284
-160.97557958694676
-68.59608442162062
-425.85477210467
200.78087365241754
425.2651639806554
105.65695033707846
27.285880525476955
502.1018163890594
-107.91265351257664
477.01912634758264
162.06558052584091
-83.34541781241023
301.2150484130582
-95.10395263773614
-6.884038126413088
-111.60377469106731
-134.46261198035853
8.789541391262787
-39.69248333770827
-133.14673359494992
18.083166209149113
-167.84477542434797
274.66439737877886
-28.849753971773225
-37.16984100645436
-132.99534355405967
-52.66874989188352
-20.56812033187157
-44.726107509354506
-53.208964547845085
-49.341580605576496
-33.462249450867716
-63.45654145155038
-43.30721247019562
-36.858600701150635
-23.719791219617036
-30.253674107727193
-61.572958136586635
-61.572958136586635
-66.90513404330216
-41.36349268306083
5.0290780536993225
8.08756675365396
11.06339668039277
-4.815934474316009
-25.1061897769564
-7.238187090490328
-7.18844010146438
-10.74807765544881
-89.13533481522018
-6.049891199795638
20.55428655124024
-9.968067946642009
28.559194531678372
-17.972975927080142
-39.33630907880331
-32.54411643130561
-34.178130642251176
-38.275841437369536
-31.39863388174672
-39.16557408197423
-97.92845918409967
-2.2806053709698517
31.757772278914672
75.4754351642498
-75.4754351642498
-54.17819445501141
-407.65974093283853
-21.297240709238395
-114.78193145207615
-114.78193145207615
24.05475282678924
35.47416856220025
152.14133549044232
-10.772989111628249
63.49168286748181
-36.5992153462945
-25.54446725723369
186.09228634076908
271.1368245570311
-5.786098908387885
5.786098909170164
-5.786098909170164
5.786098909170164
0.0
26.059538724325307
-53.05950396004698
220.92612015913642
-269.18884311199895
-99.32789243372099
-44.59434097892881
-157.36375738974675
26.518781194929943
-36.116355021726235
-113.75514789767294
-52.544044508793604
-70.52156954643476
-54.82060347328729
-54.82060347328729
-111.28886426384179
-339.1284183896912
-165.6813816354885
-233.93714299346834
-198.95093264503703
-624.7853891235027
-688.3000000000002
139.44840732084617
79.86078137595882
-5.727842255538462
69.06123233042831
130.22579415731502
-36.624375700223936
356.10085709619943
113.74505553647782
63.375624299776064
116.44698110563718
99.63226670614767
80.152925458857
111.75890525305147
2.9032287513185793
84.98496373382466
46.20310904184748
9.342981997899528
-7.367872446983483
-82.79375593323016
39.813571535482424
-68.91197474147782
-15.270316499943078
3.8897953176125384
-37.362161199854654
117.73624406676981
0.9257495240236722
80.73588917586369
-65.61336598970536
24.36815162087578
-16.58636728639226
-29.437796000502885
-66.13574910130967
-69.28054021247908
-160.95535299633104
-116.9563517462741
-351.2497027194622
147.35529511928144
-316.2906183489795
141.30628584481804
69.52807502512701
117.11024874696454
0.0
68.68262942542401
-470.5872548396811
-148.412745160319
76.50736682351328
61.73834270625491
39.644733109513595
-67.77999999999997
92.17827540754206
-148.02720483385212
177.13931005626148
0.5939630853660942
0.0
0.48740530835793905
0.0
0.5395159448995028
0.0
0.0
0.0
0.0
0.0
0.0
0.0
0.0
0.0
0.0
0.0
0.0
0.0
0.3432821332721878
0.0
0.3245437223989316
0.0
0.0
0.0
0.0
0.0
0.0
0.0
0.0
0.0
0.0
0.0
0.4245499637971202
0.0
0.4132174361362049
0.0
0.0
0.0
0.0
0.0
0.0
0.0
0.12591957747142368
0.0
-0.06806042250432887
0.0
636.0
0.0
0.0
0.0
0.0
0.0
0.0
0.0
0.0
0.0
0.0
0.0
0.0
0.0
-0.2728524225117015
0.0
0.40969031672557854
0.0
3.0
3.0
0.0
0.0
3.0
0.0
0.0
0.0
0.0
0.0
0.71
0.0
0.65
0.65
0.65
0.65
0.0
0.0
0.0
0.0
0.0
0.0
0.0
0.0
0.0
0.0
0.0
0.0
0.0
1.9
0.0
0.0
3.0
0.0
0.0
0.0
0.0
0.0
0.0
0.0
943.5
140.0
0.0
0.0
0.0
0.0
0.0
0.0
0.0
0.0
0.0
0.0
0.0
0.0
0.0
0.0
0.0
0.0
0.0
0.0
0.0
0.0
0.0
0.0
0.0
0.0
0.0
0.0
0.0
0.0
0.0
0.0
0.0
0.0
0.0
0.0
0.0
0.0
0.0
0.0
0.0
0.0
0.0
0.0
0.3649163368738133
0.0
0.5026401353882313
0.0
0.41582559681961584
0.0
0.0
0.0
0.4304210965990949
0.0
0.39946576233441977
0.0
0.26653160328481373
0.0
0.0
0.0
0.0
20.0
0.0
0.0
0.0
0.0
0.0
0.0
0.4235688989404709
0.0
0.0
0.0
0.0
0.0
0.4503984779071222
0.0
0.4892106439301571
0.0
0.44692755872580125
0.0
0.3360313712108103
0.0
0.08093442417877306
0.0
0.0
4.6
30.4
4.7875636264375006
14.418718358124998
1.839802895625
0.9277648358125
0.020447170812500002
0.0
0.0
0.0
0.0
0.0
0.0
0.0
0.0
0.04569187604037506
0.0
0.0
0.0
640.9134305616624
0.0
0.0
0.0
0.0
0.0
0.0
0.0
0.0
0.0
0.0
0.0
-0.25679979467077674
0.0
0.0
677.8
0.0
0.0
0.0
0.0
0.0
0.0
0.0
0.0
0.0
0.0
0.0
0.0
-0.3350992136859241
0.0
6.003088450125
8.0226237415625
0.4897427322499999
0.221296917625
0.25593223862500003
6.009745410125
0.0
0.0
0.0
0.0
0.0
0.0
0.4338604770121157
0.0
0.5238062338292853
0.0
0.5491032286648645
0.0
0.07153260727370192
0.0
13.711472703125002
10.590688075625
0.0
0.0
0.5213625037285623
0.0
0.8
0.0
0.0
0.0
0.42810197869842703
0.0
0.2903802262512829
0.0
0.0
3.0
0.0
0.0
0.0
0.1
0.4
0.48
0.24
0.49
0.05
0.05
1.68
0.0
0.0
0.0
0.0
0.0
0.0
0.0
0.0
0.0
0.0
0.0
0.0
0.0
0.11579624594735671
0.0
0.11971581838017098
0.0
0.0
0.0
2.16
0.0
0.0
0.0
0.12061501318857282
0.0
0.10001620671376354
0.0
-0.002802544393942785
0.0
0.06869617124317617
0.0
42.0
0.0
0.03644764015630386
0.0
0.026109995290727994
0.0
0.0
7.43
0.0
0.0
-0.04649560240771322
0.0
0.058323386877219274
0.0
-0.06444316714496301
0.0
-0.12220162958760694
0.0
0.0
7.43
0.0
0.0
-0.18128575737438712
0.0
-0.2282721192482402
0.0
-0.22623230141966344
0.0
0.0
0.0
0.0
82.0
0.0
0.0
0.0
0.0
-0.24712838940227266
0.0
-0.24350068931916136
0.0
-0.23639369359922657
0.0
-0.22994689624324982
0.0
-0.2379150612045997
0.0
0.0
0.0
0.0
0.0
0.0
0.0
-0.26854952789570197
0.0
0.0
0.0
22.0
0.0
0.0
0.0
0.0
0.0
-0.2761697363214979
0.0
75.0
75.0
1.68
0.0
0.0
0.0
-0.27706786932439176
0.0
-0.25707959210184095
0.0
-0.24939750998327526
0.0
97.98
97.98
46.7
0.0
0.0
0.0
-0.35873773534199893
0.0
-0.4041234454313667
0.0
97.98
97.98
27.07
0.0
0.0
0.0
-0.4173123286160294
0.0
0.0
97.98
0.0
0.0
-0.40537668901148205
0.0
-0.3876927241645234
0.0
-0.4026953090459102
0.0
636.0
6.91
0.0
1.68
0.0
0.0
0.0
0.0
-0.40887779463994756
0.0
0.0
77.0
0.0
0.0
-0.3526731375982033
0.0
-0.36376586577726133
0.0
-0.39921816419445966
0.0
74.05
74.05
87.71
87.71
0.0
0.0
0.0
0.0
0.0
0.0
-0.3303421104306583
0.0
0.0
0.0
0.015576457355231721
0.0
0.018174506841218463
0.0
0.0
0.0
0.03134771549940041
0.0
0.018174506841218463
0.0
0.0
0.0
0.048964933902583496
0.0
-0.060663632091746855
0.0
77.0
60.8
0.0
0.0
0.0
0.0
-0.22906178540171007
0.0
60.8
41.55
1.68
0.0
0.0
0.0
0.0
0.0
-0.37698266416602877
0.0
-0.3737475595316426
0.0
-0.3826243604088422
0.0
140.0
27.07
80.67
80.67
0.0
0.0
0.0
0.0
-0.4323934814489263
0.0
-0.410933923085099
0.0
0.0
0.0
19.927262355625
0.0
0.0
0.0
-0.4734343495427882
0.0
-0.5982013322774291
0.0
-0.8175691395706832
0.0
100.0
0.0
0.0
0.0
0.0
0.0
0.0
0.0
-0.9453644997421451
0.0
-1.7140584534547487
0.0
688.3
0.0
0.0
0.0
-3.141592653589793
0.0
-0.8035589221906672
0.0
0.0
595.0
0.0
0.0
-0.8076634494155308
0.0
0.0
0.0
0.0
0.0
0.0
0.0
0.0
0.0
-0.6781267011997842
0.0
0.0
100.0
0.0
0.0
0.0
0.0
-0.7086026365110092
0.0
0.0
0.0
0.0
0.0
0.0
0.0
0.0
0.0
0.0
0.0
-0.6277727199095198
0.0
-0.5287230613406004
0.0
-0.4697191882609215
0.0
-0.4209158883595645
0.0
-0.4287057877789464
0.0
-0.4245025913024638
0.0
-0.44145768462318014
0.0
110.0
41.55
41.55
7.43
0.0
0.0
0.0
0.0
-0.6049561587014458
0.0
0.0
0.0
0.0
0.0
0.0
0.0
0.0
0.0
0.0
0.0549406983125
0.0
0.0
0.0
0.0
0.0
0.0
0.0
0.0
0.0
0.0
-0.5100288884032036
0.0
-0.5091239073537261
0.0
-0.5826462180707965
0.0
1.2
1.2
1.5999984533995069
0.0
0.0
1.6
0.95
0.95
0.95
0.95
0.0
0.0
3.75
0.0
0.0
1.2
0.0
0.0
0.0
0.9
0.9
3.0
0.0
0.0
0.0
0.0
0.0
0.0
0.0
0.0
0.0
0.0
0.0
0.0
0.0
0.0
0.0
0.0
0.0
0.0
0.0
0.0
0.0
0.0
0.0
0.0
0.0
0.0
-0.49778521605040904
0.0
0.0
0.0
-0.5447292028120589
0.0
0.0
0.0
0.0
0.0
-0.605689872311336
0.0
-0.669675944484446
0.0
0.0
0.0
751.1
0.0
0.0
0.0
0.0
0.0
0.0
0.0
0.0
0.0
0.0
0.0
0.0
0.0
0.0
0.0
-1.2486857936017295
0.0
-0.5022394401508881
0.0
-0.4615960867705393
0.0
0.0
0.0
-0.3724488566123356
0.0
0.0
0.0
0.0
0.0
0.0
0.0
0.0
0.0
0.0
0.0
0.0
0.0
0.0
0.0
0.0
0.0
0.0
0.0
-0.3724488566123356
0.0
0.0
0.0
0.93
0.0
0.0
1.35
4.65
0.0
0.0
0.0
0.0
0.0
0.0
0.0
0.0
0.0
0.0
0.0
-0.3286207698164909
0.0
619.0
0.0
0.1251352553543179
0.0
0.4751616116801549
0.0
0.47932483415030136
0.0
40.71
27.07
0.0
0.0
-0.40196325419498136
0.0
0.4939701448776357
0.0
-0.13227535837792948
0.0
-106.66444144949799
-128.41306713613255
-234.81717884783052
-199.04835416162211
185.19674334479464
-54.483306065580905
-636.0
743.9106551473037
-636.0
96.5235224551459
124.8483787930561
-228.43867269846692
-198.8457328826433
-109.12475501605599
-142.0620566739811
127.1543346876939
72.00743981011533
-29.549524874082067
7.484871681484719
41.4261696036948
-375.0331654050224
-73.81130430922008
310.96494192348746
54.42105267275974
33.17279147264628
50.70401347235361
-49.80339837595329
-114.32596650458396
-160.4383314641231
-71.63119539608476
-422.1677735619369
204.9723010773455
423.71795807707076
105.19971555091536
26.826081478352535
502.5747320597725
-107.9106551473036
472.8276989226547
163.03960360701228
-83.80883665852559
301.09935342958306
-94.68073603427791
-7.6271500828686385
-112.57304690334081
-135.46649067359533
8.81563537682166
-39.63704561418251
-134.05916868598058
17.98047478266983
-167.87275776725028
274.1833363214903
-29.547203273666582
-37.838432472256954
-137.65768828442833
-53.303357168917046
-21.227196845622984
-45.32417626186134
-53.781924218109566
-50.02712062718547
-34.189684157144825
-64.10484175393037
-43.57236562188973
-36.99713533359454
-23.781240235572113
-30.170032246452024
-62.11541392622871
-62.11541392622871
-67.16492463127213
-41.37839204890861
4.824069259302519
7.835544381793284
10.9639410808918
-4.873495389148843
-25.110218597807716
-7.412158647267006
-7.361215977469442
-10.778229739445692
-89.19729245994813
-5.94790068115708
20.69179835962234
-10.133509539090255
28.644264318023374
-18.08597549749129
-39.3319701035274
-32.537795225975515
-34.17149205422743
-38.261352654377674
-31.3004897161793
-39.0497288513061
-97.6954309921291
-2.2339457752362932
31.743722351503493
75.01292440693396
-75.01292440693396
-54.541117805061276
-411.8410246059184
-20.471806601872686
-114.84738652079068
-114.84738652079068
24.1759410136699
35.56480618305909
151.90447850791043
-10.928796235782215
60.372690284298415
-36.74225744468549
-25.6832472302641
186.1514966794009
272.37682502717007
-7.318449254141342
7.318449255130872
-7.318449255130872
7.318449255130872
0.0
25.236943723875584
-54.07098542674146
221.04793305186058
-270.0210984871412
-99.94653970921877
-46.17876607457811
-158.23863536667034
26.08955350301153
-36.380331466260714
-114.24910779407628
-52.77220693714844
-70.69477418204315
-57.99880639510252
-57.99880639510252
-113.07348817504646
-340.42832937156345
-166.18773280323785
-234.5697077548743
-199.3687365535459
-624.9544339270597
-688.3000000000002
139.02507603614367
79.59598285038066
-5.764785428086725
68.9025256444686
129.92652778861975
-36.45446808160693
356.2192663841579
113.78287760504759
63.54553191839307
116.80384265015891
100.03388078945193
80.6063840134592
112.44999975134601
2.026205313358105
84.393512769562
47.196088003644036
8.44849052428458
-8.392780716666607
-83.76828992773733
39.91316321689226
-69.49948300254493
-14.241132394534475
4.749374550433799
-38.30793507420947
116.76171007226264
0.7171006730825411
80.72719471820756
-65.64492028624932
23.321280674904983
-17.00995804246793
-29.636355278202927
-66.40286539299996
-69.71487165001236
-161.271612462269
-116.97636595361769
-351.363891395137
147.1556645566294
-316.3988246359022
141.12275478384606
69.13202395378357
116.99111569271304
0.0
68.4813856185068
-469.7553087091243
-149.24469129087583
76.89482512862116
61.35540772942193
40.03098528826911
-67.77999999999997
92.18129143314536
-148.88092782975252
177.91622613526886
0.6048677764121599
0.0
0.4983085030094436
0.0
0.5504180099140088
0.0
0.0
0.0
0.0
0.0
0.0
0.0
0.0
0.0
0.0
0.0
0.0
0.0
0.35417317722652486
0.0
0.33543386086683746
0.0
0.0
0.0
0.0
0.0
0.0
0.0
0.0
0.0
0.0
0.0
0.43544781873004323
0.0
0.42411663221133766
0.0
0.0
0.0
0.0
0.0
0.0
0.0
0.13679773038748166
0.0
-0.057182269588270884
0.0
636.0
0.0
0.0
0.0
0.0
0.0
0.0
0.0
0.0
0.0
0.0
0.0
0.0
0.0
-0.2619742695956431
0.0
0.42058605435264607
0.0
3.0
3.0
0.0
0.0
3.0
0.0
0.0
0.0
0.0
0.0
0.71
0.0
0.65
0.65
0.65
0.65
0.0
0.0
0.0
0.0
0.0
0.0
0.0
0.0
0.0
0.0
0.0
0.0
0.0
1.9
0.0
0.0
3.0
0.0
0.0
0.0
0.0
0.0
0.0
0.0
943.5
140.0
0.0
0.0
0.0
0.0
0.0
0.0
0.0
0.0
0.0
0.0
0.0
0.0
0.0
0.0
0.0
0.0
0.0
0.0
0.0
0.0
0.0
0.0
0.0
0.0
0.0
0.0
0.0
0.0
0.0
0.0
0.0
0.0
0.0
0.0
0.0
0.0
0.0
0.0
0.0
0.0
0.0
0.0
0.375816750951794
0.0
0.5135217032132493
0.0
0.42670615127160927
0.0
0.0
0.0
0.44124275896383747
0.0
0.4103994383593297
0.0
0.27753031709924114
0.0
0.0
0.0
0.0
20.0
0.0
0.0
0.0
0.0
0.0
0.0
0.43447584547658913
0.0
0.0
0.0
0.0
0.0
0.46121137707141013
0.0
0.5003137966792792
0.0
0.4582390264767935
0.0
0.34757879540165737
0.0
0.09286622345748086
0.0
0.0
4.6
30.4
4.748941699437501
14.414792973124998
1.858359736625
0.9237900023125
0.0188227580625
0.0
0.0
0.0
0.0
0.0
0.0
0.0
0.0
0.056465514849225684
0.0
0.0
0.0
634.9938360023106
0.0
0.0
0.0
0.0
0.0
0.0
0.0
0.0
0.0
0.0
0.0
-0.24286709747642465
0.0
0.0
677.8
0.0
0.0
0.0
0.0
0.0
0.0
0.0
0.0
0.0
0.0
0.0
0.0
-0.3221129564594789
0.0
5.9645393191250005
7.9714606923125
0.4372352319999999
0.191065291375
0.226227656125
6.185176157875
0.0
0.0
0.0
0.0
0.0
0.0
0.4462595387862298
0.0
0.5359860721841532
0.0
0.5610388621563671
0.0
0.0823881357772831
0.0
13.676125685625001
10.545132698124998
0.0
0.0
0.5332112213467939
0.0
0.8
0.0
0.0
0.0
0.4401416435487686
0.0
0.3006406013323266
0.0
0.0
3.0
0.0
0.0
0.0
0.1
0.4
0.48
0.24
0.49
0.05
0.05
1.68
0.0
0.0
0.0
0.0
0.0
0.0
0.0
0.0
0.0
0.0
0.0
0.0
0.0
0.12545349760228675
0.0
0.12936241767320267
0.0
0.0
0.0
2.16
0.0
0.0
0.0
0.13025888997692547
0.0
0.10971659280370538
0.0
0.006491565711373326
0.0
0.07905325114144102
0.0
38.49381787845201
0.0
0.04721755056831167
0.0
0.03634409300532182
0.0
0.0
7.43
0.0
0.0
-0.03763055935979853
0.0
0.0667517031086371
0.0
-0.05770609699643359
0.0
-0.11605195703118909
0.0
0.0
7.43
0.0
0.0
-0.17551426823845162
0.0
-0.22271387042302404
0.0
-0.22054741410225942
0.0
0.0
0.0
0.0
82.0
0.0
0.0
0.0
0.0
-0.24144313415090757
0.0
-0.2379982803087608
0.0
-0.2311169346634374
0.0
-0.22473711902393312
0.0
-0.2328230363568493
0.0
0.0
0.0
0.0
0.0
0.0
0.0
-0.26348005804822394
0.0
0.0
0.0
22.0
0.0
0.0
0.0
0.0
0.0
-0.27112976959697743
0.0
75.0
75.0
1.68
0.0
0.0
0.0
-0.27200793422768577
0.0
-0.25184997948084265
0.0
-0.24422478373800516
0.0
97.98
97.98
46.7
0.0
0.0
0.0
-0.35375676727595007
0.0
-0.3990355921679032
0.0
97.98
97.98
27.07
0.0
0.0
0.0
-0.41219784759229317
0.0
0.0
97.98
0.0
0.0
-0.40025628939881397
0.0
-0.38257605685040996
0.0
-0.3975083312405747
0.0
636.0
6.91
0.0
1.68
0.0
0.0
0.0
0.0
-0.4035029538583612
0.0
0.0
77.0
0.0
0.0
-0.34724364706914157
0.0
-0.3585153772270431
0.0
-0.39440341259101075
0.0
74.05
74.05
87.71
87.71
0.0
0.0
0.0
0.0
0.0
0.0
-0.325594986609655
0.0
0.0
0.0
0.021445891811331386
0.0
0.024467025755517735
0.0
0.0
0.0
0.039785451384334536
0.0
0.024467025755517735
0.0
0.0
0.0
0.053939116555780764
0.0
-0.05596810490819548
0.0
77.0
60.8
0.0
0.0
0.0
0.0
-0.22512642160037855
0.0
60.8
41.55
1.68
0.0
0.0
0.0
0.0
0.0
-0.3738573205819624
0.0
-0.3706718302251715
0.0
-0.3796059378926282
0.0
140.0
27.07
80.67
80.67
0.0
0.0
0.0
0.0
-0.4294764997609972
0.0
-0.40678936295531676
0.0
0.0
0.0
19.385982513125
0.0
0.0
0.0
-0.4718174297362818
0.0
-0.5970597337683863
0.0
-0.8170942266790551
0.0
100.0
0.0
0.0
0.0
0.0
0.0
0.0
0.0
-0.9451565746337747
0.0
-1.7140584534547487
0.0
688.3
0.0
0.0
0.0
-3.141592653589793
0.0
-0.8037812706364029
0.0
0.0
595.0
0.0
0.0
-0.8079110373396627
0.0
0.0
0.0
0.0
0.0
0.0
0.0
0.0
0.0
-0.678672420365162
0.0
0.0
100.0
0.0
0.0
0.0
0.0
-0.7090060083683385
0.0
0.0
0.0
0.0
0.0
0.0
0.0
0.0
0.0
0.0
0.0
-0.627959505910547
0.0
-0.5286067571441198
0.0
-0.46927054530720635
0.0
-0.4201677471340566
0.0
-0.4273952333018807
0.0
-0.4224263249107807
0.0
-0.43965037712816946
0.0
110.0
41.55
41.55
7.43
0.0
0.0
0.0
0.0
-0.6040520012584221
0.0
0.0
0.0
0.0
0.0
0.0
0.0
0.0
0.0
0.0
0.051882339312500005
0.0
0.0
0.0
0.0
0.0
0.0
0.0
0.0
0.0
0.0
-0.5099191125675868
0.0
-0.5092786334360393
0.0
-0.5828373384645968
0.0
1.2
1.2
1.5999984533995069
0.0
0.0
1.6
0.95
0.95
0.95
0.95
0.0
0.0
3.75
0.0
0.0
1.2
0.0
0.0
0.0
0.9
0.9
3.0
0.0
0.0
0.0
0.0
0.0
0.0
0.0
0.0
0.0
0.0
0.0
0.0
0.0
0.0
0.0
0.0
0.0
0.0
0.0
0.0
0.0
0.0
0.0
0.0
0.0
0.0
-0.4982250474613581
0.0
0.0
0.0
-0.5454835521188914
0.0
0.0
0.0
0.0
0.0
-0.6065637676962705
0.0
-0.6705607876407971
0.0
0.0
0.0
751.1
0.0
0.0
0.0
0.0
0.0
0.0
0.0
0.0
0.0
0.0
0.0
0.0
0.0
0.0
0.0
-1.2497686542631612
0.0
-0.5032536758213362
0.0
-0.46266317938655055
0.0
0.0
0.0
-0.373606728615687
0.0
0.0
0.0
0.0
0.0
0.0
0.0
0.0
0.0
0.0
0.0
0.0
0.0
0.0
0.0
0.0
0.0
0.0
0.0
-0.373606728615687
0.0
0.0
0.0
0.93
0.0
0.0
1.35
4.65
0.0
0.0
0.0
0.0
0.0
0.0
0.0
0.0
0.0
0.0
0.0
-0.3299074378562694
0.0
619.0
0.0
0.13626838626947801
0.0
0.4873536986156348
0.0
0.49154269744088586
0.0
40.71
27.07
0.0
0.0
-0.39714850259153245
0.0
0.5048747813914609
0.0
-0.1279561591865126
0.0
-106.6659393419518
-128.4192606067918
-234.82852579559085
-199.05939726032602
185.21103309482805
-54.476858266494105
-636.0
743.9555448545966
-636.0
96.53034465388225
124.85658870385214
-228.4148132550356
-198.8502468007004
-109.12578685138442
-142.0584743126641
127.13495055356384
71.97934981579101
-29.574036109874783
7.454670611101051
41.46605203405295
-374.6280133463272
-73.77519226617562
310.78322454067757
54.23028721265098
33.420871459683894
50.68177184683282
-49.558033238199755
-114.08271244288972
-160.19658612584965
-73.98518009068096
-419.66665116738204
207.44989261625324
422.77707745118187
104.94331389103831
26.56711555751417
502.94376636613106
-107.9555448545965
470.3501073837465
163.58343201634318
-84.07142237835501
301.1929055298684
-94.48688097637398
-8.103172498368394
-113.02424246901501
-135.93436415917108
8.788944154477235
-39.528822682753685
-134.45352713041194
17.930568564093733
-167.41388079914077
275.26673894729265
-28.927680812994026
-37.20181085201989
-140.5492038370021
-52.62099268338443
-22.327428256964367
-46.36508738972077
-54.796038785964015
-50.71629996004856
-34.92075817467594
-64.7567813675646
-43.851261949662444
-37.1650410900661
-23.827061303578148
-29.966821964613246
-63.09986835234213
-63.09986835234213
-67.41461135441773
-41.37766346680746
4.580922662282319
7.537371888671828
10.850026597101646
-4.945515188270974
-25.128706302948103
-7.625233181455997
-7.572826081908033
-10.819959757773518
-89.29713278218105
-5.815659805758969
20.867447970627836
-10.337088934162011
28.76102534133986
-18.23066630487415
-39.3705666065498
-32.56925619436481
-34.20453265282549
-38.28869216247631
-31.226775786929238
-38.96072021284317
-97.4981883234509
-2.1759308925276173
31.75946327951351
74.66137195082501
-74.66137195082501
-54.81162818419239
-415.81594278429475
-19.849743766632628
-115.12569416207907
-115.12569416207907
24.317725837694297
35.67599330917028
152.05218052813052
-11.105152865188415
56.87213292094066
-37.034239087667515
-25.97279396802196
185.9687188889834
273.26053418866013
-8.510236459983958
8.510236461134582
-8.510236461134582
8.510236461134582
0.0
24.56026057732629
-54.90354377611823
221.0056407260829
-270.707442008383
-100.49385066685011
-47.78448908144469
-159.02411990874276
25.689438361115776
-36.61519536077242
-114.6787199510386
-52.970646838235325
-70.83886626762865
-61.31658596804277
-61.31658596804277
-114.84186306148456
-341.7252496918568
-166.69279766493185
-235.2005681607567
-199.78525415599933
-625.1234787306166
-688.3000000000002
138.60323921837676
79.33268051944583
-5.800234133699178
68.74394519700263
129.62749946241956
-36.2841961820011
356.33966623190236
113.82133549442187
63.7158038179989
117.1612603358933
100.43605101396884
81.06039870927418
113.14008793507026
1.143552999617441
83.81546497811178
48.1879309532502
7.548367080399089
-9.420256821192083
-84.74538907574185
40.01369265302867
-70.08373665442627
-13.212954603696176
5.614585753525489
-39.25627678340675
115.78461092425823
0.5075111977130291
80.71944088497969
-65.67741520722177
22.274409728934188
-17.433548798543484
-29.834914555903083
-66.6699816846899
-70.14920308754552
-161.58787192820682
-116.99638016096173
-351.47808007081153
146.95603399397737
-316.50703092282527
140.9392237228741
68.73597288244002
116.87198263846142
0.0
68.2801418115896
-469.3087402681829
-149.69125973181713
77.1438808232756
61.11087536304251
40.278834856571166
-67.77999999999997
92.18430745874866
-149.66331450778648
178.6218058964098
0.600478096477862
0.0
0.4945626972553856
0.0
0.5457531035616396
0.0
0.0
0.0
0.0
0.0
0.0
0.0
0.0
0.0
0.0
0.0
0.0
0.0
0.34808428705671535
0.0
0.32917647324309973
0.0
0.0
0.0
0.0
0.0
0.0
0.0
0.0
0.0
0.0
0.0
0.4306350537801946
0.0
0.41985933893577165
0.0
0.0
0.0
0.0
0.0
0.0
0.0
0.12823462406100328
0.0
-0.06574537591474927
0.0
636.0
0.0
0.0
0.0
0.0
0.0
0.0
0.0
0.0
0.0
0.0
0.0
0.0
0.0
-0.27053737592212146
0.0
0.41594801215670785
0.0
0.0
0.0
0.0
0.0
0.0
0.0
0.0
0.0
0.0
0.0
0.0
0.0
0.0
0.0
0.0
0.0
0.0
0.0
0.0
0.0
0.0
0.0
0.0
0.0
0.0
0.0
0.0
0.0
0.0
0.0
0.0
0.0
0.0
0.0
0.0
0.0
0.0
0.0
0.0
0.0
943.5
140.0
0.0
0.0
0.0
0.0
0.0
0.0
0.0
0.0
0.0
0.0
0.0
0.0
0.0
0.0
0.0
0.0
0.0
0.0
0.0
0.0
0.0
0.0
0.0
0.0
0.0
0.0
0.0
0.0
0.0
0.0
0.0
0.0
0.0
0.0
0.0
0.0
0.0
0.0
0.0
0.0
0.0
0.0
0.3724668575214998
0.0
0.5073519936717337
0.0
0.42124197076583103
0.0
0.0
0.0
0.429944631454803
0.0
0.4041139238225604
0.0
0.26490134835889156
0.0
0.0
0.0
0.0
20.0
0.0
0.0
0.0
0.0
0.0
0.0
0.4221043352864795
0.0
0.0
0.0
0.0
0.0
0.44908853965444484
0.0
0.4857461150230833
0.0
0.4418958869729228
0.0
0.3292059339518092
0.0
0.0711648572472523
0.0
0.0
4.6
30.4
4.710615910312501
14.445099214375
1.8719860068125
0.9159864541875
0.017031470124999996
0.0
0.0
0.0
0.0
0.0
0.0
0.0
0.0
0.03713545071513824
0.0
0.0
0.0
660.9893913241533
0.0
0.0
0.0
0.0
0.0
0.0
0.0
0.0
0.0
0.0
0.0
-0.2715322709277235
0.0
0.0
677.8
0.0
0.0
0.0
0.0
0.0
0.0
0.0
0.0
0.0
0.0
0.0
0.0
-0.34593401951655744
0.0
5.9334634939375
7.9283810370625
0.376812024625
0.15541353918749998
0.1917858431875
6.3893650089375
0.0
0.0
0.0
0.0
0.0
0.0
0.425108468119352
0.0
0.5161659134564136
0.0
0.5426851518500317
0.0
0.06947266156227583
0.0
13.66603672
10.515973139375
0.0
0.0
0.515371528705276
0.0
0.8
0.0
0.0
0.0
0.4205053105383385
0.0
0.28939263106374247
0.0
0.0
0.0
0.0
0.0
0.0
0.1
0.4
0.48
0.24
0.49
0.05
0.05
1.68
0.0
0.0
0.0
0.0
0.0
0.0
0.0
0.0
0.0
0.0
0.0
0.0
0.0
0.11455772257715457
0.0
0.1183464440176949
0.0
0.0
0.0
2.16
0.0
0.0
0.0
0.11927009067106065
0.0
0.09861089726142147
0.0
-0.004638209224067769
0.0
0.06673737897174847
0.0
42.0
0.0
0.03425101532721664
0.0
0.023694634625095023
0.0
0.0
7.43
0.0
0.0
-0.04927858741241975
0.0
0.05624364767751233
0.0
-0.06753983872832059
0.0
-0.12560277481851223
0.0
0.0
7.43
0.0
0.0
-0.18476264275150234
0.0
-0.23163617967774375
0.0
-0.22972973647621453
0.0
0.0
0.0
0.0
82.0
0.0
0.0
0.0
0.0
-0.2505830440008223
0.0
-0.24720057395055006
0.0
-0.24040006405112058
0.0
-0.23405220289848971
0.0
-0.24215481536181116
0.0
0.0
0.0
0.0
0.0
0.0
0.0
-0.2727554957113001
0.0
0.0
0.0
22.0
0.0
0.0
0.0
0.0
0.0
-0.28039911648770266
0.0
75.0
75.0
1.68
0.0
0.0
0.0
-0.28127698790742084
0.0
-0.2611075826175746
0.0
-0.2535140347029148
0.0
97.98
97.98
46.7
0.0
0.0
0.0
-0.3626783748761726
0.0
-0.4076837455614113
0.0
97.98
97.98
27.07
0.0
0.0
0.0
-0.42079601288985913
0.0
0.0
97.98
0.0
0.0
-0.40889908462407476
0.0
-0.39116022602946465
0.0
-0.4059176618594482
0.0
636.0
6.91
0.0
1.68
0.0
0.0
0.0
0.0
-0.4114354869342809
0.0
0.0
77.0
0.0
0.0
-0.35576472695544803
0.0
-0.36713030995681084
0.0
-0.4013100087598591
0.0
74.05
74.05
87.71
87.71
0.0
0.0
0.0
0.0
0.0
0.0
-0.3326052870928815
0.0
0.0
0.0
0.012024195347731581
0.0
0.014190536941114829
0.0
0.0
0.0
0.02517480417253548
0.0
0.014190536941114829
0.0
0.0
0.0
0.046248573790451
0.0
-0.06312973997661686
0.0
77.0
60.8
0.0
0.0
0.0
0.0
-0.23107388309528654
0.0
60.8
41.55
1.68
0.0
0.0
0.0
0.0
0.0
-0.37774868577635035
0.0
-0.3744960517610867
0.0
-0.3832555622115632
0.0
140.0
27.07
80.67
80.67
0.0
0.0
0.0
0.0
-0.43255505022306684
0.0
-0.4123440968291052
0.0
0.0
0.00043750518750000026
18.772993871875002
0.0
0.0
0.0
-0.4729183524713192
0.0
-0.5978124432014589
0.0
-0.8172365424447268
0.0
100.0
0.0
0.0
0.0
0.0
0.0
0.0
0.0
-0.9449446210642654
0.0
-1.7140584534547487
0.0
688.3
0.0
0.0
0.0
-3.141592653589793
0.0
-0.8028497988510783
0.0
0.0
595.0
0.0
0.0
-0.8061968751796225
0.0
0.0
0.0
0.0
0.0
0.0
0.0
0.0
0.0
-0.6770818556257949
0.0
0.0
100.0
0.0
0.0
0.0
0.0
-0.707038965275677
0.0
0.0
0.0
0.0
0.0
0.0
0.0
0.0
0.0
0.0
0.0
-0.6254196392945879
0.0
-0.525948205942365
0.0
-0.46643746570671185
0.0
-0.418653955307708
0.0
-0.4273557123910474
0.0
-0.4239205551119096
0.0
-0.4390491261141638
0.0
110.0
41.55
41.55
7.43
0.0
0.0
0.0
0.0
-0.6000120068336696
0.0
0.0
0.0
0.0
0.0
0.0
0.0
0.0
0.0
0.0
0.048641404250000006
0.0
0.0
0.0
0.0
0.0
0.0
0.0
0.0
0.0
0.0
-0.5030697118353009
0.0
-0.504418383161124
0.0
-0.5795402310467401
0.0
0.0
0.0
0.0
0.0
0.0
0.0
0.0
0.0
0.0
0.0
0.0
0.0
0.0
0.0
0.0
0.0
0.0
0.0
0.0
0.0
0.0
0.0
0.0
0.0
0.0
0.0
0.0
0.0
0.0
0.0
0.0
0.0
0.0
0.0
0.0
0.0
0.0
0.0
0.0
0.0
0.0
0.0
0.0
0.0
0.0
0.0
0.0
0.0
-0.4841167560909705
0.0
0.0
0.0
-0.5346086190902062
0.0
0.0
0.0
0.0
0.0
-0.5955966572378664
0.0
-0.6604858251646339
0.0
0.0
0.0
751.1
0.0
0.0
0.0
0.0
0.0
0.0
0.0
0.0
0.0
0.0
0.0
0.0
0.0
0.0
0.0
-1.2394550517464002
0.0
-0.4918976024967523
0.0
-0.4511430320537415
0.0
0.0
0.0
-0.3616024467863448
0.0
0.0
0.0
0.0
0.0
0.0
0.0
0.0
0.0
0.0
0.0
0.0
0.0
0.0
0.0
0.0
0.0
0.0
0.0
-0.3616024467863448
0.0
0.0
0.0
0.93
0.0
0.0
1.35
4.65
0.0
0.0
0.0
0.0
0.0
0.0
0.0
0.0
0.0
0.0
0.0
-0.31803444743215215
0.0
619.0
0.0
0.12273456268345262
0.0
0.46708198698438963
0.0
0.471162937948046
0.0
40.71
27.07
0.0
0.0
-0.4040550987603808
0.0
0.5015274134040624
0.0
-0.13456867621346458
0.0
-106.02142064301324
-129.06837951732598
-236.94002271184854
-200.5339169559963
187.88626026891018
-51.80632137073417
-636.0
752.5911954265212
-636.0
98.63913531344383
127.23099548976654
-221.84262567563928
-198.20753198954475
-108.30390377508752
-139.38965123796055
125.03964638738137
68.98884475853254
-31.672406800439717
4.4629029172429
37.946122650923485
-377.6734166210474
-77.29737672154465
311.2930434520954
54.73469446042782
31.33126099880485
48.58859949167186
-51.649267453018524
-116.17520929430816
-162.28998534618154
-69.16546042420907
-428.3714102187196
194.76897535448006
427.386956459914
106.49993604171073
28.12220402126593
503.6821825380348
-116.59119542652138
483.03102464551966
160.2496355345479
-82.51849891982363
302.9839143761021
-96.31088135019229
-6.096897457107048
-112.98392314389389
-135.4375777657104
9.055359347066087
-39.70934961795115
-134.3533336611879
17.583463038931654
-169.64707778962452
275.3309506623882
-30.069356876568918
-38.30945352981314
-137.24235331902304
-53.69646883447422
-21.676346407242022
-45.644591658356035
-54.05423854333435
-50.441518501523205
-34.69010999264515
-64.44277033043443
-43.628221186937935
-36.90829679216847
-23.792113081834486
-30.314982916925487
-62.323361168891324
-62.323361168891324
-67.19369310850004
-41.29367827067938
4.497965492239018
7.432832080081653
10.795682231674164
-4.955726277203894
-25.08252487517541
-7.672128618529882
-7.6193992135807775
-10.811344803953261
-89.23028478907281
-5.813718011123456
20.87930153480943
-10.378364676655565
28.74011717864107
-18.239180320487208
-39.21625781332773
-32.43083146149195
-34.05915772417336
-38.127552546843845
-31.03818667885389
-38.745092011061615
-97.12790613131097
-2.166379790484939
31.64076666330766
73.78717914991671
-73.78717914991671
-55.51623519431996
-412.5733039814113
-18.27094395559675
-114.4523209697984
-114.4523209697984
24.373558561981667
35.69980740788253
150.4615134728558
-11.197618720817445
63.28423859013719
-36.345970991385
-25.315507126469925
185.6884369582042
271.3617971962474
-6.1023706837856935
6.1023706846108325
-6.1023706846108325
6.1023706846108325
0.0
25.868766774027563
-53.300663353906316
220.881595984127
-269.40471369097634
-99.10459640969185
-44.69643434002353
-157.38816699514666
26.23091947782723
-35.899632996054265
-113.0028132865491
-52.19653756934554
-70.02768181211343
-54.62419836806703
-54.62419836806703
-111.57053544084135
-340.775145184602
-166.23037821991653
-234.54876883466426
-199.23257188600144
-625.2957987058317
-688.3000000000002
139.30864923390823
80.20100918452113
-4.70094989956533
68.67820188813607
129.5035301337707
-35.83386322344063
357.9747245606186
114.34360270243064
64.16613677655937
117.30121857385734
100.62162885228099
81.29882548358285
110.1002543546656
2.8567790288393553
85.96724544221252
44.97324891734979
9.244641450406903
-6.013033232328553
-81.28978476177815
41.47455167530768
-63.1590450480287
-15.908148233670659
3.881533649344533
-35.76569034847057
119.24021523822182
-1.0686777541619676
82.07407559346734
-67.07307847251968
36.10086808895221
-15.460248653375857
-31.876176135218316
-68.60301609211285
-68.74066084133472
-161.3440162939844
-118.62736367520301
-351.83518823562315
147.5093239886653
-316.3766265290635
141.50892514028624
67.57546017373613
117.50732974676998
0.0
68.07499899092625
-472.3149025459804
-146.68509745401957
76.10568046253297
62.15178113073
39.23991311050963
-67.77999999999997
92.18611134653145
-148.52169695795476
177.399277344937
