3.1276200593840313
0.0
3.0166285628313396
0.0
3.0702646311279214
0.0
0.0
0.0
0.0
0.0
0.0
0.0
0.0
0.0
0.0
0.0
0.0
0.0
2.8628782816398726
0.0
2.8432715700806614
0.0
0.0
0.0
0.0
0.0
0.0
0.0
0.0
0.0
0.0
0.0
2.949618718626798
0.0
2.938332763261493
0.0
0.0
0.0
0.0
0.0
0.0
0.0
2.6341545725203925
0.0
2.446988261892164
0.0
613.6600349233572
0.0
0.0
0.0
0.0
0.0
0.0
0.0
0.0
0.0
0.0
0.0
0.0
0.0
2.249389730639729
0.0
2.932200049354801
0.0
0.9
0.9
0.26
0.26
0.6
0.27
0.27
0.27
0.14
0.14
0.14
0.31
0.13
0.13
0.13
0.13
0.09
0.09
0.09
0.09
0.2
0.2
0.2
0.0
0.0
1.9
0.0
0.0
0.0
0.57
1.38
0.9
0.9
1.38
0.9
0.0
0.0
0.0
0.0
0.0
943.5
140.0
0.0
0.0
0.0
0.0
0.0
0.0
0.0
0.0
0.0
0.0
0.0
0.0
0.0
0.0
0.0
0.0
0.0
0.0
0.0
0.0
0.0
0.0
0.0
0.0
0.0
0.0
0.0
0.0
0.0
0.0
0.0
0.0
0.0
0.0
0.0
0.0
0.0
0.0
0.0
0.0
0.0
0.0
2.8886767830601467
0.0
3.0162994900579188
0.0
2.9257360930087817
0.0
0.0
0.0
2.8960849943066753
0.0
2.9153612761028587
0.0
2.755468950406046
0.0
0.0
0.0
0.0
20.0
0.0
0.0
0.0
0.0
0.0
0.0
2.8956591438650623
0.0
62.6
0.0
0.0
0.0
2.8994899218995034
0.0
2.978177806010871
0.0
2.9614446545239588
0.0
2.876731999555526
0.0
2.6610309117551356
0.0
62.6
4.6
30.4
0.9327756948125
19.385948914375
7.017934581187499
3.7345695823125
0.3032344795625
0.0
0.0
0.0
0.0
0.0
0.0
0.0
0.0
2.4893903471769523
0.0
0.0
0.0
0.0
0.0
0.0
0.0
0.0
0.0
0.0
0.0
0.0
0.0
0.0
0.0
2.547726576283191
0.0
0.0
677.8
0.0
0.0
0.0
0.0
0.0
0.0
0.0
0.0
0.0
0.0
0.0
0.0
2.368742337260299
0.0
7.536438721125
0.46085153749999996
1.1843826157500001
0.901798594625
1.4531026117499999
1.4654181111875
0.0
0.0
0.0
0.0
0.0
0.0
3.080597551918742
0.0
3.141592653589793
0.0
3.1314074947599675
0.0
2.5487015268627724
0.0
30.514069212500004
31.124603566875003
0.0
0.0
3.0894523832946987
0.0
0.8
0.0
0.0
0.0
3.031167664615876
0.0
2.6646597488735937
0.0
0.6
0.6
0.6
0.0
0.0
0.1
0.4
0.48
0.24
0.49
0.05
0.05
0.0
0.0
0.0
0.0
0.0
0.0
0.0
0.0
0.0
0.0
0.0
0.0
0.0
0.0
2.391585836140168
0.0
2.393445085412413
0.0
0.0
0.0
2.16
0.0
0.0
0.0
2.3944655778000827
0.0
2.3763528635311335
0.0
2.2823732283055165
0.0
2.300704491079414
0.0
0.0
0.0
2.2461562963228916
0.0
2.2066792600460374
0.0
0.0
7.43
0.0
0.0
2.0624735543386308
0.0
2.2330487897861646
0.0
1.9708591029290137
0.0
1.864559047043291
0.0
0.0
7.43
0.0
0.0
1.7757851792951973
0.0
1.7147039319804627
0.0
1.7201548363213908
0.0
0.0
42.69
0.0
82.0
0.0
0.0
0.0
0.0
1.6982595788631993
0.0
1.6907827896519976
0.0
1.6840801548145334
0.0
1.6862208260865899
0.0
1.6716856533945617
0.0
0.0
0.0
0.0
0.0
0.0
0.0
1.641306006894311
0.0
0.0
0.0
22.0
0.0
0.0
0.0
0.0
0.0
1.6322847060254793
0.0
75.0
75.0
0.0
0.0
0.0
0.0
1.632495304138386
0.0
1.6616016029753489
0.0
1.6655119739886786
0.0
97.98
97.98
46.7
0.0
0.0
0.0
1.5545712444246105
0.0
1.5213155575251136
0.0
97.98
97.98
27.07
0.0
0.0
0.0
1.5107481153345912
0.0
0.0
97.98
0.0
0.0
1.521900725934537
0.0
1.5408647188194537
0.0
1.5337628920813842
0.0
636.0
6.91
0.0
0.0
0.0
0.0
0.0
0.0
1.5489736955669358
0.0
0.0
77.0
0.0
0.0
1.59395199306823
0.0
1.5710759106332004
0.0
1.5214378586336945
0.0
74.05
74.05
87.71
87.71
0.0
0.0
0.0
0.0
0.0
0.0
1.5884342894065693
0.0
25.6
0.0
2.0369698142586756
0.0
2.07600001819797
0.0
0.0
0.0
2.27389964375816
0.0
2.07600001819797
0.0
0.0
0.0
2.005857322745647
0.0
1.870673881638794
0.0
77.0
60.8
0.0
0.0
0.0
0.0
1.641105975354705
0.0
60.8
41.55
0.0
0.0
0.0
0.0
0.0
0.0
1.4275612859378866
0.0
1.4271683195857774
0.0
1.4143350466470759
0.0
140.0
27.07
80.67
80.67
0.0
0.0
0.0
0.0
1.3581945410571734
0.0
1.463788994733921
0.0
30.431133663125
119.32228931249999
4.019933100625
0.0
0.0
0.0
1.211673584050085
0.0
1.0928145538385454
0.0
0.8863421417172592
0.0
0.0
0.0
0.0
0.0
0.0
0.0
0.0
0.0
0.7678603023459885
0.0
-0.012012020334873252
0.0
688.3
0.0
0.0
0.0
-1.4395462204699179
0.0
0.8793184989669829
0.0
0.0
595.0
0.0
0.0
0.8688205508625826
0.0
0.0
0.0
0.0
0.0
0.0
0.0
0.0
0.0
1.0075790289006505
0.0
0.0
0.0
0.0
0.0
0.0
0.0
1.0171562467852278
0.0
0.0
0.0
0.0
0.0
0.0
0.0
0.0
0.0
0.0
0.0
1.031728281655293
0.0
1.120939731238579
0.0
1.1752526116948472
0.0
1.2376662810880052
0.0
1.2569728515798628
0.0
1.3109654818131338
0.0
1.2724859639209125
0.0
110.0
41.55
41.55
7.43
0.0
0.0
0.0
0.0
1.0476092933040162
0.0
0.0
0.0
0.0
0.0
0.0
0.0
0.0
0.0
0.0
244.30405219375
0.0
0.0
0.0
0.0
0.0
0.0
0.0
0.0
0.0
0.0
1.0880645491229668
0.0
1.107941341081136
0.0
1.0619195129722936
0.0
0.36
0.36
1.6
1.6
1.6
1.6
0.28
0.19
0.19
0.19
0.56
0.56
3.75
0.69
0.69
0.36
0.0
0.0
0.32
0.27
0.18
0.9
0.56
0.0
0.0
0.0
0.0
0.0
0.0
0.0
0.0
0.0
0.0
0.0
0.0
0.0
0.0
0.0
0.0
0.0
0.0
0.0
0.0
0.0
0.0
0.0
0.0
0.0
1.09915562216508
0.0
0.0
0.0
1.0597275849507692
0.0
0.0
0.0
0.0
0.0
1.007955848814504
0.0
0.9534736887814175
0.0
0.0
0.0
640.1
0.0
0.0
0.0
0.0
0.0
0.0
0.0
0.0
0.0
0.0
0.0
0.0
0.0
0.0
0.0
0.46033687800892986
0.0
1.0963001363768665
0.0
1.1310041864167548
0.0
0.0
0.0
1.2070751562690294
0.0
0.0
0.0
0.0
0.0
0.0
0.0
0.0
0.0
0.0
0.0
0.0
0.0
0.0
0.0
0.0
0.0
0.0
0.0
1.2070751562690294
0.0
0.0
0.0
0.0
0.0
0.0
1.35
4.65
0.0
0.0
0.0
0.0
0.0
0.0
0.0
0.0
0.0
0.0
0.0
1.2445741729364874
0.0
619.0
0.0
2.628809895473081
0.0
3.0987164229275486
0.0
3.106177211348875
0.0
40.71
27.07
0.0
0.0
1.5186927686331728
0.0
3.023932643657533
0.0
1.7688094798030196
0.0
-111.10259915173322
-135.27223645092488
-245.6981398239991
-210.17876022305916
196.93916399008208
-54.25940079821203
-613.6600349233572
783.2097286776248
-613.6600349233572
100.75838330013369
130.39366464048453
-222.05748108096122
-207.71392815179803
-113.49240504235934
-146.0470006126409
115.04711449758656
52.41769441103065
-49.187600555006725
-15.205691641497879
31.995795004939282
-321.77584410280997
-88.77974775702569
277.6043435109598
7.770340840946346
67.25460180452069
8.641948205181507
-19.709247931180016
-87.33263398370855
-135.6610615075091
-348.86293609963167
-141.63041933993077
468.545128310624
326.914708970693
71.33930018329545
-10.800804696950308
532.9057308583724
-169.54969375426742
209.25487168937616
213.68101911759697
-126.75260260346028
321.02060090579425
-59.172303204154105
-65.47004939500277
-186.03315549275635
-205.62918452041697
10.004827330471244
-34.39078850022713
-203.03301784314846
10.745304702377553
-162.0529000604629
250.61236063297292
-71.36638910425359
-77.49795666661271
-493.2005529232638
-90.16230538358366
-81.06167611938952
-100.3730830456866
-106.8190412588707
-106.8417631828022
-94.31115190276626
-117.98008417822882
-65.46745408763866
-48.09547032637022
-29.43404390145554
-26.310964987621674
-112.75974472201926
-112.75974472201926
-89.40831622549797
-43.3569454661008
-9.942538844363753
-10.349944561080406
3.640597401222408
-8.890013878813534
-24.901349588924973
-19.70711832573363
-19.571674217032637
-12.759972940343573
-92.25866761468421
1.3946894893896342
30.13074412685546
-21.777004982095036
34.17874724479452
-25.825008100034097
-37.82588856116445
-31.04544211688699
-32.60420908206663
-36.0117987062398
-22.934956481953236
-29.215419394807327
-78.27734955512233
1.0430809435405308
29.66119840316287
35.509133690344015
-35.509133690344015
-85.87603264690779
-743.8129135562367
50.36689895656377
-113.50118151409151
-113.50118151409151
33.05103996740252
42.03007239197768
121.56296623308572
-22.538012251790633
-172.09898083275493
-45.453435051315864
-33.896694275788605
181.07143454119932
353.17757862229337
-109.94423641625815
109.9442364311235
-109.9442364311235
109.9442364311235
0.0
-23.51662245835962
-117.94037775190918
231.34392804578283
-332.9641406313022
-144.28695231385524
-159.28020145398182
-221.66713143276468
-3.1690834847403266
-52.59538089968407
-143.02421624174167
-66.0635665543814
-79.74503632377457
-285.3904153739543
-285.3904153739543
-253.0922649116336
-324.30840434521815
-156.41849403628242
-219.5636834488207
-184.83906292292284
-634.0425387795112
-688.3000000000002
109.2727417894414
58.35852515602653
-14.744309135158119
73.80770108171646
139.1760060449626
11.45600225615783
322.589565958418
103.04094293577054
11.45600225615783
105.20218111068186
90.83818356861127
74.19792414343783
143.81029811359156
-55.61631290462674
85.47031610161275
94.03940146311834
-50.566444607396875
-79.35979364246441
-150.7695377430449
19.09703981687653
-150.32424581058103
35.295375672614
61.00862174196652
-103.02872335503173
49.760462256955066
15.750231344795907
54.00935835931489
-41.09091795629661
21.125853416189784
-13.890668710972363
-24.891437634779436
-56.12293744791123
-58.77330145819246
-136.96226493650306
-99.60175509338774
-299.2453392206619
125.66754990311006
-269.47366707316144
120.5001737419027
59.52539111718511
99.83066909707327
0.0
58.59221354290344
-420.79420240817166
-198.2057975918283
110.3737880839052
34.52045806224294
71.73835020218587
-67.77999999999997
96.61132900006487
-211.77630319266746
234.7490890443778
3.1182944295086097
0.0
3.0071322818431527
0.0
3.0606206401368654
0.0
0.0
0.0
0.0
0.0
0.0
0.0
0.0
0.0
0.0
0.0
0.0
0.0
2.8519579467833625
0.0
2.832177087728901
0.0
0.0
0.0
0.0
0.0
0.0
0.0
0.0
0.0
0.0
0.0
2.9394682706563495
0.0
2.928350481816434
0.0
0.0
0.0
0.0
0.0
0.0
0.0
2.6211421158543597
0.0
2.427162115878607
0.0
636.0
0.0
0.0
0.0
0.0
0.0
0.0
0.0
0.0
0.0
0.0
0.0
0.0
0.0
2.222370115871235
0.0
2.9224080953320275
0.0
0.9
0.9
0.26
0.26
3.0
0.27
0.27
0.27
0.14
0.14
0.14
1.57
0.13
0.13
0.13
0.13
0.09
0.09
0.09
0.09
0.2
0.2
0.2
0.0
0.0
1.9
0.0
0.0
0.0
1.9
3.093980081876431
0.9
0.9
1.38
0.9
0.0
0.0
0.0
0.0
0.0
943.5
140.0
0.0
0.0
0.0
0.0
0.0
0.0
0.0
0.0
0.0
0.0
0.0
0.0
0.0
0.0
0.0
0.0
0.0
0.0
0.0
0.0
0.0
0.0
0.0
0.0
0.0
0.0
0.0
0.0
0.0
0.0
0.0
0.0
0.0
0.0
0.0
0.0
0.0
0.0
0.0
0.0
0.0
0.0
2.878852642739056
0.0
3.0082978459073297
0.0
2.917721330547449
0.0
0.0
0.0
2.892567435164894
0.0
2.907697262683989
0.0
2.7516559542106798
0.0
0.0
0.0
0.0
20.0
0.0
0.0
0.0
0.0
0.0
0.0
2.8926912580325457
0.0
62.6
0.0
0.0
0.0
2.896812528469731
0.0
2.976790181905443
0.0
2.9607167376742893
0.0
2.8765124260265633
0.0
2.661357139915868
0.0
62.6
4.6
30.4
0.9404156913125
19.575241886875
7.017934580937499
3.7345695253125
0.30019509356249996
0.0
0.0
0.0
0.0
0.0
0.0
0.0
0.0
2.4911067328151084
0.0
0.0
0.0
0.0
0.0
0.0
0.0
0.0
0.0
0.0
0.0
0.0
0.0
0.0
0.0
2.5462739601997795
0.0
0.0
677.8
0.0
0.0
0.0
0.0
0.0
0.0
0.0
0.0
0.0
0.0
0.0
0.0
2.366083762530419
0.0
7.494470833125
0.47812571924999997
1.1838569307500002
0.879130565375
1.4597760039999998
1.4938173229375
0.0
0.0
0.0
0.0
0.0
0.0
3.0806663851739318
0.0
3.141592653589793
0.0
3.1310418106915145
0.0
2.543327966699315
0.0
30.619870245000005
31.113553944375003
0.0
0.0
3.088814763935156
0.0
0.8
0.0
0.0
0.0
3.0310497755617476
0.0
2.662458571071591
0.0
0.6
0.6
0.6
0.0
0.0
0.1
0.4
0.48
0.24
0.49
0.05
0.05
0.0
0.0
0.0
0.0
0.0
0.0
0.0
0.0
0.0
0.0
0.0
0.0
0.0
0.0
2.3908993517565325
0.0
2.392753010919982
0.0
0.0
0.0
2.16
0.0
0.0
0.0
2.3937755053019067
0.0
2.3756477337426487
0.0
2.2813075228872837
0.0
2.3009535451583965
0.0
0.0
0.0
2.246946858640082
0.0
2.2079040706298674
0.0
0.0
7.43
0.0
0.0
2.064892663955302
0.0
2.2340532347957396
0.0
1.974323669416787
0.0
1.8689241281558422
0.0
0.0
7.43
0.0
0.0
1.780829469513014
0.0
1.720254931439511
0.0
1.7253817003895744
0.0
0.0
42.69
0.0
82.0
0.0
0.0
0.0
0.0
1.703533311185435
0.0
1.6961183540704514
0.0
1.6894906391211588
0.0
1.6916506807964158
0.0
1.6771637904969987
0.0
0.0
0.0
0.0
0.0
0.0
0.0
1.6468148517556198
0.0
0.0
0.0
22.0
0.0
0.0
0.0
0.0
0.0
1.637809351080251
0.0
75.0
75.0
0.0
0.0
0.0
0.0
1.6380108467579007
0.0
1.6670430284119924
0.0
1.6709682250408484
0.0
97.98
97.98
46.7
0.0
0.0
0.0
1.5602484299461281
0.0
1.5270420144151178
0.0
97.98
97.98
27.07
0.0
0.0
0.0
1.5164803102174744
0.0
0.0
97.98
0.0
0.0
1.5276141057833321
0.0
1.5466009500856934
0.0
1.5395297169977393
0.0
636.0
6.91
0.0
0.0
0.0
0.0
0.0
0.0
1.554825740290898
0.0
0.0
77.0
0.0
0.0
1.5995667095824802
0.0
1.5767393442701012
0.0
1.5285602371436706
0.0
74.05
74.05
87.71
87.71
0.0
0.0
0.0
0.0
0.0
0.0
1.5963081567062876
0.0
25.6
0.0
2.0448986500735185
0.0
2.0833929075211826
0.0
0.0
0.0
2.278575057913198
0.0
2.0833929075211826
0.0
0.0
0.0
2.0151366208110373
0.0
1.8798976116121366
0.0
77.0
60.8
0.0
0.0
0.0
0.0
1.6508283999546736
0.0
60.8
41.55
0.0
0.0
0.0
0.0
0.0
0.0
1.4379803532360382
0.0
1.4375990648983183
0.0
1.4247854870838008
0.0
140.0
27.07
80.67
80.67
0.0
0.0
0.0
0.0
1.3686966018037348
0.0
1.4721048973903903
0.0
30.219393750625
119.31667106249999
3.707143698125
0.0
0.0
0.0
1.2248502030302326
0.0
1.1066484247730903
0.0
0.9010906379802028
0.0
0.0
0.0
0.0
0.0
0.0
0.0
0.0
0.0
0.7829685642661928
0.0
0.00340535889009308
0.0
688.3
0.0
0.0
0.0
-1.4241288412449513
0.0
0.8949977402053495
0.0
0.0
595.0
0.0
0.0
0.8844893610479776
0.0
0.0
0.0
0.0
0.0
0.0
0.0
0.0
0.0
1.0236803680281845
0.0
0.0
0.0
0.0
0.0
0.0
0.0
1.0330322369145968
0.0
0.0
0.0
0.0
0.0
0.0
0.0
0.0
0.0
0.0
0.0
1.0472613962754327
0.0
1.1360015649766755
0.0
1.1898025108163282
0.0
1.251791949152139
0.0
1.270288893632511
0.0
1.3229137267542415
0.0
1.2846720147810098
0.0
110.0
41.55
41.55
7.43
0.0
0.0
0.0
0.0
1.0613117825823801
0.0
0.0
0.0
0.0
0.0
0.0
0.0
0.0
0.0
0.0
244.30261294375
0.0
0.0
0.0
0.0
0.0
0.0
0.0
0.0
0.0
0.0
1.1030301201472499
0.0
1.123354487982783
0.0
1.0774349984733949
0.0
0.36
0.36
1.6
1.6
1.6
1.6
0.28
0.19
0.19
0.19
0.56
0.56
3.75
0.69
0.69
0.36
0.0
0.0
0.32
0.27
0.18
0.9
0.56
0.0
0.0
0.0
0.0
0.0
0.0
0.0
0.0
0.0
0.0
0.0
0.0
0.0
0.0
0.0
0.0
0.0
0.0
0.0
0.0
0.0
0.0
0.0
0.0
0.0
1.1149382811883441
0.0
0.0
0.0
1.0759778302363987
0.0
0.0
0.0
0.0
0.0
1.0243838204062419
0.0
0.9699179361640873
0.0
0.0
0.0
640.1
0.0
0.0
0.0
0.0
0.0
0.0
0.0
0.0
0.0
0.0
0.0
0.0
0.0
0.0
0.0
0.47707551329860154
0.0
1.1129367485274448
0.0
1.1477193797289766
0.0
0.0
0.0
1.2239253091335751
0.0
0.0
0.0
0.0
0.0
0.0
0.0
0.0
0.0
0.0
0.0
0.0
0.0
0.0
0.0
0.0
0.0
0.0
0.0
1.2239253091335751
0.0
0.0
0.0
0.0
0.0
0.0
1.35
4.65
0.0
0.0
0.0
0.0
0.0
0.0
0.0
0.0
0.0
0.0
0.0
1.2616158037998009
0.0
619.0
0.0
2.6254740452448946
0.0
3.098851989215351
0.0
3.1063408170598112
0.0
40.71
27.07
0.0
0.0
1.525815147143149
0.0
3.014614487475189
0.0
1.7782688283884625
0.0
-111.27342108643245
-136.0230881387269
-247.8804392630948
-211.52180777922945
198.68737580746495
-53.450907887629114
-636.0
790.3931530755253
-636.0
102.39847172115606
132.30353022573763
-222.22169688869326
-208.24616732846653
-113.6049983736309
-145.5818796597285
117.49623880958382
54.976927593147025
-47.35286855459731
-12.899433529000135
34.585875222595746
-322.45190143353375
-86.64148166939071
279.27782937815664
8.359574923615469
68.35696874840323
10.774348489479053
-18.93220758250959
-86.80856870465664
-135.3177900045613
-346.03741277181695
-143.85397464511016
471.70208811798966
327.8481134728793
71.25879345209796
-11.188592680441388
536.92780294166
-154.39315307552556
206.09791188201007
215.7126101833353
-127.57415937405415
320.6354168512921
-58.64465822424313
-65.71736371193231
-184.9749711360211
-204.82314846934003
10.024454725125452
-34.41705670154795
-201.97946290407037
10.731916215284741
-162.2512554311529
251.57389564575328
-70.46621564439386
-76.6076637466249
-485.22304413517213
-89.26725044438683
-80.16999590056878
-99.48316648864557
-105.93437530866709
-105.83926869293396
-93.30524506567315
-116.9806228858551
-64.96656241711878
-47.69648667185868
-29.33744398062629
-26.754592406521738
-111.87596060270573
-111.87596060270573
-88.91979406975577
-43.264137042226935
-9.860315312162356
-10.25012559437198
3.673540263805421
-8.8604833634555
-24.87617929476903
-19.625764505995676
-19.49087953006199
-12.737624717625067
-92.18853402090792
1.3344084611962899
30.054018264698357
-21.698004222253303
34.1173688107134
-25.761354768268347
-37.7524735327255
-30.981042554336
-32.53657606868262
-35.94111266974278
-22.900976227825367
-29.178746487228068
-78.23484590416047
1.019770709662339
29.6111584188875
35.35616543977153
-35.35616543977153
-86.00524918972496
-736.7969397809253
50.649083749953434
-113.130143220219
-113.130143220219
33.005781557063756
41.987383321982406
120.92153863919975
-22.490015086616154
-164.15939467017233
-44.617269521925664
-33.09418348029169
183.1024853245117
353.22086091766687
-108.43452798957793
108.43452800423904
-108.43452800423904
108.43452800423904
0.0
-22.49586489938679
-117.02201310043415
232.45037286016463
-333.1010078530859
-143.8162477880395
-156.76020145553548
-221.06916378649214
-3.074905949335289
-52.5146631776156
-142.85309572956567
-65.98452517494206
-79.67171202005363
-279.4818799946838
-279.4818799946838
-249.85949623280453
-322.5150838696568
-155.72559606020087
-218.70260845847997
-184.27780604750012
-633.791223897585
-688.3000000000002
109.83252543471963
58.68254149429765
-14.758959490455254
74.03776966795363
139.60983647836747
11.18644603821349
322.32086186877586
102.95511398874578
11.18644603821349
104.64642535356472
90.21589527832657
73.49855991287461
142.83280719823063
-54.07016932971419
85.73337850258224
92.61954292614746
-49.01806752481002
-77.80054353738183
-149.21593165965805
18.904652157291366
-149.6075701161094
33.8152549934008
59.463088282357944
-101.47591879397055
51.31406834034192
16.104887349027194
53.977821473732774
-40.99954420677852
22.68221150968111
-13.26092642603885
-24.596244287332297
-55.72582202114813
-58.12759125803461
-136.49208952343042
-99.5720004481716
-299.0755776371016
125.96433590437164
-269.3127993644269
120.77302499758991
60.11419080896519
100.00778137046325
0.0
58.89139791597836
-419.20899985949836
-199.79100014050164
110.78793079945001
34.64835611315232
72.0079600400029
-67.77999999999997
96.97274624203408
-211.2864516082567
234.26549342947214
3.1146724406728037
0.0
3.002833385233176
0.0
3.056895157877559
0.0
0.0
0.0
0.0
0.0
0.0
0.0
0.0
0.0
0.0
0.0
0.0
0.0
2.8480277302350707
0.0
2.8282458897784757
0.0
0.0
0.0
0.0
0.0
0.0
0.0
0.0
0.0
0.0
0.0
2.9353504491844946
0.0
2.9239653141963142
0.0
0.0
0.0
0.0
0.0
0.0
0.0
2.6173913989778566
0.0
2.423411399002104
0.0
636.0
0.0
0.0
0.0
0.0
0.0
0.0
0.0
0.0
0.0
0.0
0.0
0.0
0.0
2.218619398994731
0.0
2.9181132988146663
0.0
0.9
0.9
1.3
1.3
3.0
1.35
1.35
1.35
0.14
0.14
0.14
0.31
0.13
0.13
0.13
0.13
0.09
0.09
0.09
0.09
1.0
1.0
1.0
0.0
0.0
1.9
0.0
0.0
0.0
0.57
4.6
1.167925240365065
0.9
4.6
0.9
0.0
0.0
0.0
0.0
0.0
943.5
140.0
0.0
0.0
0.0
0.0
0.0
0.0
0.0
0.0
0.0
0.0
0.0
0.0
0.0
0.0
0.0
0.0
0.0
0.0
0.0
0.0
0.0
0.0
0.0
0.0
0.0
0.0
0.0
0.0
0.0
0.0
0.0
0.0
0.0
0.0
0.0
0.0
0.0
0.0
0.0
0.0
0.0
0.0
2.8739137205264083
0.0
3.0047035386280676
0.0
2.913495084793948
0.0
0.0
0.0
2.8898135444547393
0.0
2.903753076259668
0.0
2.749046155039518
0.0
0.0
0.0
0.0
20.0
0.0
0.0
0.0
0.0
0.0
0.0
2.8903646276049155
0.0
62.6
0.0
0.0
0.0
2.894227801893676
0.0
2.975058817323208
0.0
2.959328405285021
0.0
2.875270629171137
0.0
2.6600680783778783
0.0
62.6
4.6
30.4
0.9480556878124999
19.764534859374997
7.0179345806875
3.7345694683125004
0.2971557075625
0.0
0.0
0.0
0.0
0.0
0.0
0.0
0.0
2.4895585075941007
0.0
0.0
0.0
0.0
0.0
0.0
0.0
0.0
0.0
0.0
0.0
0.0
0.0
0.0
0.0
2.5446227238113757
0.0
0.0
677.8
0.0
0.0
0.0
0.0
0.0
0.0
0.0
0.0
0.0
0.0
0.0
0.0
2.363891575661208
0.0
7.452502945125
0.495399901
1.1833312457500003
0.856462536125
1.4664493962499998
1.5222165346875
0.0
0.0
0.0
0.0
0.0
0.0
3.080585461725951
0.0
3.141592653589793
0.0
3.1308412968816173
0.0
2.539917933198323
0.0
30.725671277500005
31.102504321875003
0.0
0.0
3.088400290821002
0.0
0.8
0.0
0.0
0.0
3.030709933110497
0.0
2.658104126138153
0.0
3.0
3.0
3.0
0.0
0.0
0.1
0.4
0.48
0.24
0.49
0.05
0.05
0.0
0.0
0.0
0.0
0.0
0.0
0.0
0.0
0.0
0.0
0.0
0.0
0.0
0.0
2.384271799322205
0.0
2.3863154007613865
0.0
0.0
0.0
2.16
0.0
0.0
0.0
2.3872859936153414
0.0
2.369459715842324
0.0
2.2763840847006405
0.0
2.2950404887077394
0.0
0.0
0.0
2.241187641028806
0.0
2.2022690295872174
0.0
0.0
7.43
0.0
0.0
2.0595923802775857
0.0
2.228031478807724
0.0
1.9691779086418464
0.0
1.8640972610743862
0.0
0.0
7.43
0.0
0.0
1.7762350816298937
0.0
1.7158237198198734
0.0
1.7208584738310702
0.0
0.0
42.69
0.0
82.0
0.0
0.0
0.0
0.0
1.6990271839256916
0.0
1.691637223646107
0.0
1.6850400586803538
0.0
1.6872085512689274
0.0
1.6727395804948504
0.0
0.0
0.0
0.0
0.0
0.0
0.0
1.6423986934278965
0.0
0.0
0.0
22.0
0.0
0.0
0.0
0.0
0.0
1.6333984796053107
0.0
75.0
75.0
0.0
0.0
0.0
0.0
1.633596739599163
0.0
1.6626021217059748
0.0
1.6665341456855556
0.0
97.98
97.98
46.7
0.0
0.0
0.0
1.5558741646753678
0.0
1.5226715231827157
0.0
97.98
97.98
27.07
0.0
0.0
0.0
1.5121093521265863
0.0
0.0
97.98
0.0
0.0
1.5232387193541532
0.0
1.5422307211042323
0.0
1.5351615793578848
0.0
636.0
6.91
0.0
0.0
0.0
0.0
0.0
0.0
1.5504639388463186
0.0
0.0
77.0
0.0
0.0
1.5951503289027933
0.0
1.5723448916419906
0.0
1.524316532263187
0.0
74.05
74.05
87.71
87.71
0.0
0.0
0.0
0.0
0.0
0.0
1.5925489564182183
0.0
25.6
0.0
2.0426655614366487
0.0
2.081218901876455
0.0
0.0
0.0
2.2767006280032085
0.0
2.081218901876455
0.0
0.0
0.0
2.012950214935832
0.0
1.8772555360027674
0.0
77.0
60.8
0.0
0.0
0.0
0.0
1.6476001780547627
0.0
60.8
41.55
0.0
0.0
0.0
0.0
0.0
0.0
1.4338823695881633
0.0
1.4334484993446202
0.0
1.420528169714518
0.0
140.0
27.07
80.67
80.67
0.0
0.0
0.0
0.0
1.3641260742294081
0.0
1.4677457761040404
0.0
30.007653838125
119.3110528125
3.394354295625
0.0
0.0
0.0
1.2209103815056448
0.0
1.1028575878475397
0.0
0.8974270738809986
0.0
0.0
0.0
0.0
0.0
0.0
0.0
0.0
0.0
0.7792824226772845
0.0
2.8334605946866986e-5
0.0
688.3
0.0
0.0
0.0
-1.4275058655290975
0.0
0.8911757113542471
0.0
0.0
595.0
0.0
0.0
0.8801634805505296
0.0
0.0
0.0
0.0
0.0
0.0
0.0
0.0
0.0
1.0196769637938958
0.0
0.0
0.0
0.0
0.0
0.0
0.0
1.0286622644809515
0.0
0.0
0.0
0.0
0.0
0.0
0.0
0.0
0.0
0.0
0.0
1.0423336789259183
0.0
1.1307196216373683
0.0
1.1841096755267966
0.0
1.2466686188678464
0.0
1.2656084111295955
0.0
1.3182880329385886
0.0
1.2788362665102593
0.0
110.0
41.55
41.55
7.43
0.0
0.0
0.0
0.0
1.0543222110084187
0.0
0.0
0.0
0.0
0.0
0.0
0.0
0.0
0.0
0.0
244.30117369375
0.0
0.0
0.0
0.0
0.0
0.0
0.0
0.0
0.0
0.0
1.095085848198588
0.0
1.1169086766059486
0.0
1.0720241650444162
0.0
0.36
1.2
1.6
1.6
1.6
1.6
0.95
0.95
0.95
0.95
0.56
0.56
3.75
2.29
2.29
0.36
0.0
0.0
1.6
0.9
0.9
3.0
0.56
0.0
0.0
0.0
0.0
0.0
0.0
0.0
0.0
0.0
0.0
0.0
0.0
0.0
0.0
0.0
0.0
0.0
0.0
0.0
0.0
0.0
0.0
0.0
0.0
0.0
1.1030256976588273
0.0
0.0
0.0
1.0663154645717547
0.0
0.0
0.0
0.0
0.0
1.014768186528224
0.0
0.9608577520401225
0.0
0.0
0.0
640.1
0.0
0.0
0.0
0.0
0.0
0.0
0.0
0.0
0.0
0.0
0.0
0.0
0.0
0.0
0.0
0.46804013010007717
0.0
1.1032041520481144
0.0
1.1379319736429387
0.0
0.0
0.0
1.2139199328586185
0.0
0.0
0.0
0.0
0.0
0.0
0.0
0.0
0.0
0.0
0.0
0.0
0.0
0.0
0.0
0.0
0.0
0.0
0.0
1.2139199328586185
0.0
0.0
0.0
0.0
0.0
0.0
1.35
4.65
0.0
0.0
0.0
0.0
0.0
0.0
0.0
0.0
0.0
0.0
0.0
1.251801905523613
0.0
619.0
0.0
2.623157363608133
0.0
3.098795927690584
0.0
3.106317948325488
0.0
40.71
27.07
0.0
0.0
1.5215714422626654
0.0
3.0101815494012865
0.0
1.77535328994618
0.0
-111.95100644596198
-136.26717640169863
-247.89273753546195
-211.71228527100197
198.3417766936808
-54.7362259082131
-636.0
789.7171939971736
-636.0
101.86855897544979
131.7703944970308
-225.50805247668177
-209.28516992996538
-114.36339834446994
-147.2105696379831
118.45450042114874
55.984956531118655
-47.00899925462022
-12.144379660646905
35.77860398519465
-322.1221725114192
-85.90056703681307
279.8385595634244
7.836053324355589
69.08633797388973
11.203699083640458
-18.528164952235215
-86.65750114400078
-135.34751622000965
-346.56416822505565
-144.30669320812808
473.1181888530223
328.8114956448942
71.35344075965622
-11.401226625176719
538.9902625549221
-153.71719399717358
204.68181114697768
217.1171694008375
-128.22056210589238
321.4586771172917
-58.56889105381265
-66.06030278904313
-186.26159028657048
-206.4599200718992
9.515616215603018
-33.914858998692125
-203.27071147227696
11.246993632368685
-157.57535613426944
248.20168307551603
-70.20681805037168
-76.35242547935036
-488.0256454051201
-89.0129713710275
-79.91501321349574
-99.2323829184088
-105.68640689021117
-105.48230242844568
-92.94486645395995
-116.62668981886128
-64.79511758059789
-47.568001425022544
-29.299792486120623
-26.874457430690768
-111.6300917426679
-111.6300917426679
-88.74735330539454
-43.23027704467654
-9.827074839559373
-10.209580471060349
3.6879125653663323
-8.849523409119342
-24.869579561634964
-19.5946333876542
-19.459962371291113
-12.730146849471566
-92.16705581161557
1.3129800916807426
30.02627546213978
-21.667986522009983
34.09669365900709
-25.738404718877405
-37.73420355585506
-30.96516929219422
-32.5199058226691
-35.92414964648856
-22.89837344275054
-29.17654170064634
-78.23830411517292
1.0110448687055396
29.599380923433273
35.345708731739705
-35.345708731739705
-86.01577326074812
-736.2273284806362
50.670064529008414
-113.03248644103519
-113.03248644103519
32.986976854997124
41.97108742546004
120.77402719294696
-22.4684110949147
-163.4212911445684
-44.375364794942016
-32.863650464349575
184.41195719604366
354.42252363514217
-108.60095895331119
108.60095896799453
-108.60095896799447
108.60095896799453
0.0
-22.4605793652496
-117.31207478307533
233.36604882625966
-334.2233470997054
-144.4039246447926
-157.09563052464955
-221.79748196488902
-3.498953576945837
-52.952170618562604
-143.82741310364418
-66.43456700966703
-80.11661287934817
-280.0532483406121
-280.0532483406121
-249.6740775653393
-322.10857746034753
-155.62917725235974
-218.63186836615102
-184.31302834031783
-633.5399090156588
-688.3000000000002
109.69930262864182
58.312750217673056
-15.46661629710843
74.20929959516047
139.93328308130958
10.747967330776646
321.12910572595183
102.57444551814206
10.747967330776646
104.2287060259847
89.73164341755944
72.93723211184863
144.14503071235822
-54.13058412564794
84.33590495843987
93.78450585646715
-49.07713202304251
-78.97204418218587
-150.39022486335466
17.88209127636742
-153.48935745935933
34.62484874367601
59.52499640356859
-102.65386498279611
50.13977513664531
17.292257057227516
53.11357088418163
-40.07545675329163
15.12352278329945
-14.103129227937416
-23.175652200953095
-54.31231454326792
-58.614889151172065
-136.3684604582579
-98.55655300012154
-298.75850076307995
125.7979595155548
-269.29924694615386
120.5827138631987
61.16615289082381
99.72173125377469
0.0
59.19058228905317
-418.2351874529183
-200.76481254708165
111.25162512374027
34.72670255531648
72.32712148656526
-67.77999999999997
97.3341634840034
-211.8549814064147
234.8402791971355
3.1066998148722726
0.0
2.993907183272287
0.0
3.0489527334235076
0.0
0.0
0.0
0.0
0.0
0.0
0.0
0.0
0.0
0.0
0.0
0.0
0.0
2.840561140654205
0.0
2.820855875629082
0.0
0.0
0.0
0.0
0.0
0.0
0.0
0.0
0.0
0.0
0.0
2.9271007377978764
0.0
2.9151971363902547
0.0
0.0
0.0
0.0
0.0
0.0
0.0
2.6112476441706907
0.0
2.417267644194938
0.0
636.0
0.0
0.0
0.0
0.0
0.0
0.0
0.0
0.0
0.0
0.0
0.0
0.0
0.0
2.212475644187565
0.0
2.909628999864127
0.0
3.0
3.0
1.3
1.3
3.0
1.35
1.35
1.35
0.71
0.71
0.71
1.57
0.65
0.65
0.65
0.65
0.45
0.45
0.45
0.45
1.0
1.0
1.0
0.0
0.0
1.9
0.0
0.0
0.0
1.9
4.6
3.0
3.0
4.6
3.0
0.0
0.0
0.0
0.0
0.0
943.5
140.0
0.0
0.0
0.0
0.0
0.0
0.0
0.0
0.0
0.0
0.0
0.0
0.0
0.0
0.0
0.0
0.0
0.0
0.0
0.0
0.0
0.0
0.0
0.0
0.0
0.0
0.0
0.0
0.0
0.0
0.0
0.0
0.0
0.0
0.0
0.0
0.0
0.0
0.0
0.0
0.0
0.0
0.0
2.8641861636361394
0.0
2.9977156139668413
0.0
2.9055706207333944
0.0
0.0
0.0
2.8863894866410327
0.0
2.8963273049494163
0.0
2.745811186878438
0.0
0.0
0.0
0.0
20.0
0.0
0.0
0.0
0.0
0.0
0.0
2.887616154784647
0.0
62.6
0.0
0.0
0.0
2.891441982622725
0.0
2.9732627859817784
0.0
2.9579859016670422
0.0
2.874211120784901
0.0
2.6591969547303647
0.0
62.6
4.6
30.4
0.942211709875
19.956256220625
7.017934580375
3.73456938775
0.2951400696875
0.0
0.0
0.0
0.0
0.0
0.0
0.0
0.0
2.4888786735142485
0.0
0.0
0.0
0.0
0.0
0.0
0.0
0.0
0.0
0.0
0.0
0.0
0.0
0.0
0.0
2.543058005895319
0.0
0.0
677.8
0.0
0.0
0.0
0.0
0.0
0.0
0.0
0.0
0.0
0.0
0.0
0.0
2.3616420420556112
0.0
7.323737058312499
0.5010218846875001
1.1848390001875
0.8194801609999999
1.4919354261250002
1.576987854
0.0
0.0
0.0
0.0
0.0
0.0
3.0805296647911735
0.0
3.141592653589793
0.0
3.130625134427193
0.0
2.5361266679361476
0.0
30.503039075
31.028357403750004
0.0
0.0
3.087970653908119
0.0
0.8
0.0
0.0
0.0
3.0303870061452134
0.0
2.654872601784678
0.0
3.0
3.0
3.0
0.0
0.0
0.1
0.4
0.48
0.24
0.49
0.05
0.05
0.0
0.0
0.0
0.0
0.0
0.0
0.0
0.0
0.0
0.0
0.0
0.0
0.0
0.0
2.381285403841038
0.0
2.3833192353517374
0.0
0.0
0.0
2.16
0.0
0.0
0.0
2.384291416640406
0.0
2.366463722176867
0.0
2.273371051962717
0.0
2.2921004600605173
0.0
0.0
0.0
2.2382869776856413
0.0
2.199397141348908
0.0
0.0
7.43
0.0
0.0
2.056822957203453
0.0
2.225179381605864
0.0
1.9665419389461105
0.0
1.861547194784336
0.0
0.0
7.43
0.0
0.0
1.773813278657669
0.0
1.7135841557965223
0.0
1.7183682870412955
0.0
0.0
44.808394776398444
0.0
82.0
0.0
0.0
0.0
0.0
1.6965233149456669
0.0
1.6891763897989795
0.0
1.682630007960042
0.0
1.6848087630201851
0.0
1.6703817018807463
0.0
0.0
0.0
0.0
0.0
0.0
0.0
1.6400848379544914
0.0
0.0
0.0
22.0
0.0
0.0
0.0
0.0
0.0
1.6311013358819828
0.0
75.0
75.0
0.0
0.0
0.0
0.0
1.6312909545100407
0.0
1.6602283245679956
0.0
1.6641663380100766
0.0
97.98
97.98
46.7
0.0
0.0
0.0
1.5538133086005104
0.0
1.5207287850826496
0.0
97.98
97.98
27.07
0.0
0.0
0.0
1.5101850756160475
0.0
0.0
97.98
0.0
0.0
1.5212848471880012
0.0
1.5403139406686934
0.0
1.5333194495126605
0.0
636.0
6.91
0.0
0.0
0.0
0.0
0.0
0.0
1.5488270996496736
0.0
0.0
77.0
0.0
0.0
1.593133538129318
0.0
1.5703504130761905
0.0
1.5231760771190146
0.0
74.05
74.05
87.71
87.71
0.0
0.0
0.0
0.0
0.0
0.0
1.5919257260237192
0.0
25.6
0.0
2.043163978596411
0.0
2.0816156716024086
0.0
0.0
0.0
2.276582002290249
0.0
2.0816156716024086
0.0
0.0
0.0
2.013863734973345
0.0
1.877846014023877
0.0
77.0
60.8
0.0
0.0
0.0
0.0
1.6479529695266821
0.0
60.8
41.55
0.0
0.0
0.0
0.0
0.0
0.0
1.433948112998972
0.0
1.4334825151752009
0.0
1.4205076262854615
0.0
140.0
27.07
80.67
80.67
0.0
0.0
0.0
0.0
1.3639605905677028
0.0
1.466949629070804
0.0
29.73190859625
119.29864699374998
3.0582840285
0.0
0.0
0.0
1.2220050671295697
0.0
1.1042249235942148
0.0
0.8991341392788756
0.0
0.0
0.0
0.0
0.0
0.0
0.0
0.0
0.0
0.7810871073356864
0.0
0.002079763467494722
0.0
688.3
0.0
0.0
0.0
-1.4254544366675501
0.0
0.8930857222508113
0.0
0.0
595.0
0.0
0.0
0.8818205429215444
0.0
0.0
0.0
0.0
0.0
0.0
0.0
0.0
0.0
1.0216247196234551
0.0
0.0
0.0
0.0
0.0
0.0
0.0
1.0303601298177822
0.0
0.0
0.0
0.0
0.0
0.0
0.0
0.0
0.0
0.0
0.0
1.0436513281062787
0.0
1.1317143637927014
0.0
1.1847417716952489
0.0
1.2474435478425843
0.0
1.2663439001802033
0.0
1.3185820732928821
0.0
1.2785973339751848
0.0
110.0
41.55
41.55
7.43
0.0
0.0
0.0
0.0
1.054036606778169
0.0
0.0
0.0
0.0
0.0
0.0
0.0
0.0
0.0
0.0
244.299740775
0.0
0.0
0.0
0.0
0.0
0.0
0.0
0.0
0.0
0.0
1.094752837161428
0.0
1.1174468422783175
0.0
1.0731001062068053
0.0
1.2
1.2
1.6
1.6
1.6
1.6
0.95
0.95
0.95
0.95
1.88
1.88
3.75
2.29
2.29
1.2
0.0
0.0
1.6
0.9
0.9
3.0
1.88
0.0
0.0
0.0
0.0
0.0
0.0
0.0
0.0
0.0
0.0
0.0
0.0
0.0
0.0
0.0
0.0
0.0
0.0
0.0
0.0
0.0
0.0
0.0
0.0
0.0
1.101042032688678
0.0
0.0
0.0
1.0655628906308854
0.0
0.0
0.0
0.0
0.0
1.014094439299317
0.0
0.9604564624726208
0.0
0.0
0.0
640.1
0.0
0.0
0.0
0.0
0.0
0.0
0.0
0.0
0.0
0.0
0.0
0.0
0.0
0.0
0.0
0.46774409442351583
0.0
1.1025402567076892
0.0
1.1372666120449688
0.0
0.0
0.0
1.213192459021677
0.0
0.0
0.0
0.0
0.0
0.0
0.0
0.0
0.0
0.0
0.0
0.0
0.0
0.0
0.0
0.0
0.0
0.0
0.0
1.213192459021677
0.0
0.0
0.0
0.0
0.0
0.0
1.35
4.65
0.0
0.0
0.0
0.0
0.0
0.0
0.0
0.0
0.0
0.0
0.0
1.2512272736191612
0.0
619.0
0.0
2.620298424790649
0.0
3.098752943743431
0.0
3.1063081307861795
0.0
40.71
27.07
0.0
0.0
1.520430987118493
0.0
3.000938910746255
0.0
1.7758284010054037
0.0
-112.90553713700973
-136.1959468109461
-246.93314566242725
-211.20079424818397
196.74974477276612
-57.22885292491878
-636.0
785.0495560113791
-636.0
100.38933024055416
130.16587132800214
-231.85120522999387
-210.5860707890459
-115.47910611710518
-150.03227282722582
120.50152407260862
58.535299996057915
-45.550788596816005
-9.836479021330547
38.5385387325274
-321.6894730775766
-83.57363580442711
280.8019166740389
7.76029987469235
69.93231056322384
12.823593862214693
-17.993974465036445
-86.3657534824249
-135.2290352522619
-346.1753682908223
-145.1736860438075
474.91090008210176
329.7372140382945
71.4187003324796
-11.630455102813471
540.4240179703211
-149.04955601137908
202.88909991789797
218.91200705159304
-128.86550004680083
321.93412957367036
-58.46055608167262
-66.41411739891703
-186.10682062400468
-206.54112501530687
9.531189104956297
-33.914513436935295
-203.10484479057715
11.216465670539492
-157.67746447783884
248.24712060209936
-70.15402086335826
-76.29568123989407
-486.58447406379895
-88.94790475275079
-79.85592675589817
-99.16066692440637
-105.61050676860248
-105.39423091006
-92.86497455669524
-116.53134752623873
-64.70052811318112
-47.42450618968951
-29.335974400168197
-27.297345361368684
-111.54787685285669
-111.54787685285669
-88.72251604194065
-43.25737049071881
-9.76984726921853
-10.141099989516988
3.7053657483050984
-8.82389060505966
-24.83349502008025
-19.528884769455317
-19.394665633618047
-12.706509296322906
-92.08254916990882
1.2557525036437482
29.955869614487938
-21.60303375399019
34.03248808309149
-25.679652222593745
-37.623868013530455
-30.867588011610906
-32.41742506357241
-35.81465583347051
-22.816912770482304
-29.085488657762767
-78.10155160016302
0.9911980485909453
29.520669073400768
34.972455780161226
-34.972455780161226
-86.32229066867376
-734.8315946658984
51.34983488851253
-112.50247751108213
-112.50247751108213
32.95811510852059
41.93638110097481
119.7471310392375
-22.446428624298278
-160.31889081662325
-43.79353123524618
-32.283206456487505
185.80986192512273
355.3057106857377
-108.31462815393246
108.31462816857731
-108.31462816857731
108.31462816857731
0.0
-22.14682057632831
-117.24678339204502
234.36089178981524
-335.0190170907859
-144.59787603744235
-156.41347824216746
-222.05998051933625
-3.7548211594298664
-53.17577414167772
-144.30416995416408
-66.65478326920834
-80.322493891568
-278.348752741746
-278.348752741746
-248.46781471245993
-321.36464806687536
-155.37180630447142
-218.33636234470384
-184.16073620226297
-633.339303972446
-688.3000000000002
109.80256364645197
58.227419415712234
-15.821881080178173
74.36392377523293
140.22485124432023
10.449055258085195
320.4570003978574
102.35976291812312
10.449055258085195
103.84791943987466
89.29774910622825
72.44181409682938
144.47413856088156
-53.635544173783046
83.65817557476248
93.90348500737491
-48.5851362883667
-79.040052398267
-150.44853581895836
17.322545439998066
-155.15333540003599
34.55274650577405
59.02618431726148
-102.70642280519235
50.08146418104161
17.982571407056525
52.681177292019925
-39.59530006575096
11.979420053402464
-14.308797317977337
-22.398448268342236
-53.50621131786738
-58.644705103285446
-136.1599241831875
-98.05845855511166
-298.5521010077116
125.81197358167708
-269.2417311587584
120.5776226911695
61.85903272155133
99.64021912913927
0.0
59.429397808568865
-416.9859205307501
-202.01407946924996
111.70904835595104
34.788753021522325
72.6460292542896
-67.77999999999997
97.68053365203616
-212.09482956002302
235.06513137966442
3.1085565072714196
0.0
2.9954696051424285
0.0
3.050543531806608
0.0
0.0
0.0
0.0
0.0
0.0
0.0
0.0
0.0
0.0
0.0
0.0
0.0
2.8411055213076253
0.0
2.821300136067512
0.0
0.0
0.0
0.0
0.0
0.0
0.0
0.0
0.0
0.0
0.0
2.9282129448531293
0.0
2.916371165054205
0.0
0.0
0.0
0.0
0.0
0.0
0.0
2.610512115321036
0.0
2.4165321153452837
0.0
636.0
0.0
0.0
0.0
0.0
0.0
0.0
0.0
0.0
0.0
0.0
0.0
0.0
0.0
2.2117401153379106
0.0
2.9106635311655733
0.0
3.0
3.0
1.3
1.3
3.0
1.35
1.35
1.35
0.71
0.71
0.71
1.57
0.65
0.65
0.65
0.65
0.45
0.45
0.45
0.45
1.0
1.0
1.0
0.0
0.0
1.9
0.0
0.0
0.0
1.9
4.6
3.0
3.0
4.6
3.0
0.0
0.0
0.0
0.0
0.0
943.5
140.0
0.0
0.0
0.0
0.0
0.0
0.0
0.0
0.0
0.0
0.0
0.0
0.0
0.0
0.0
0.0
0.0
0.0
0.0
0.0
0.0
0.0
0.0
0.0
0.0
0.0
0.0
0.0
0.0
0.0
0.0
0.0
0.0
0.0
0.0
0.0
0.0
0.0
0.0
0.0
0.0
0.0
0.0
2.8653445003871685
0.0
2.9985171186289703
0.0
2.9061584085692074
0.0
0.0
0.0
2.8849103233248545
0.0
2.8968647265957106
0.0
2.744194042232058
0.0
0.0
0.0
0.0
20.0
0.0
0.0
0.0
0.0
0.0
0.0
2.8861865424439284
0.0
62.6
0.0
0.0
0.0
2.8896609102447233
0.0
2.971852482239571
0.0
2.956568440578655
0.0
2.8725400964634265
0.0
2.656822833726947
0.0
62.6
4.6
30.4
0.949851706375
20.145549193125
7.017934580125
3.7345693307500003
0.2921006836875
0.0
0.0
0.0
0.0
0.0
0.0
0.0
0.0
2.4852186385611033
0.0
0.0
0.0
0.0
0.0
0.0
0.0
0.0
0.0
0.0
0.0
0.0
0.0
0.0
0.0
2.5410020432841876
0.0
0.0
677.8
0.0
0.0
0.0
0.0
0.0
0.0
0.0
0.0
0.0
0.0
0.0
0.0
2.3593072427517576
0.0
7.281769170312499
0.5182960664375
1.1843133151875
0.7968121317499999
1.4986088183750002
1.60538706575
0.0
0.0
0.0
0.0
0.0
0.0
3.080311750451795
0.0
3.141592653589793
0.0
3.1305757111559673
0.0
2.5331641211043836
0.0
30.6088401075
31.017307781250004
0.0
0.0
3.0877603052332754
0.0
0.8
0.0
0.0
0.0
3.0299121777007656
0.0
2.6502366708472156
0.0
3.0
3.0
3.0
0.0
0.0
0.1
0.4
0.48
0.24
0.49
0.05
0.05
0.0
0.0
0.0
0.0
0.0
0.0
0.0
0.0
0.0
0.0
0.0
0.0
0.0
0.0
2.3730593728614062
0.0
2.3750870967803905
0.0
0.0
0.0
2.16
0.0
0.0
0.0
2.376061422720767
0.0
2.358217833204031
0.0
2.2657557804245325
0.0
2.2814796657370877
0.0
0.0
0.0
2.2263075982260103
0.0
2.1863322482640335
0.0
0.0
7.43
0.0
0.0
2.0407394708438122
0.0
2.212927144297552
0.0
1.9484036892305774
0.0
1.841245129362088
0.0
0.0
7.43
0.0
0.0
1.752446972317081
0.0
1.692253512740824
0.0
1.695455530050653
0.0
0.0
73.85233993487654
0.0
82.0
0.0
0.0
0.0
0.0
1.6731954381812324
0.0
1.6666145540112964
0.0
1.6609913466996158
0.0
1.6633982287069475
0.0
1.6495999209625056
0.0
0.0
0.0
0.0
0.0
0.0
0.0
1.6197668991210818
0.0
0.0
0.0
22.0
0.0
0.0
0.0
0.0
0.0
1.6110001891097419
0.0
75.0
75.0
0.0
0.0
0.0
0.0
1.611068545964276
0.0
1.639027190090932
0.0
1.643132938316998
0.0
97.98
97.98
46.7
0.0
0.0
0.0
1.5360811094940487
0.0
1.5039156658706245
0.0
97.98
97.98
27.07
0.0
0.0
0.0
1.493496317459094
0.0
0.0
97.98
0.0
0.0
1.5043022321290076
0.0
1.5236924466724924
0.0
1.5172734503922136
0.0
636.0
6.91
0.0
0.0
0.0
0.0
0.0
0.0
1.5343744008851417
0.0
0.0
77.0
0.0
0.0
1.5749497541417483
0.0
1.5527274941187903
0.0
1.510071431592639
0.0
74.05
74.05
87.71
87.71
0.0
0.0
0.0
0.0
0.0
0.0
1.579532491560947
0.0
25.6
0.0
2.0345253024353234
0.0
2.0734065015480247
0.0
0.0
0.0
2.2705506096777848
0.0
2.0734065015480247
0.0
0.0
0.0
2.0050743183546054
0.0
1.8685403427676874
0.0
77.0
60.8
0.0
0.0
0.0
0.0
1.6386447755606355
0.0
60.8
41.55
0.0
0.0
0.0
0.0
0.0
0.0
1.4246128527965256
0.0
1.4241435612096156
0.0
1.4111581197527947
0.0
140.0
27.07
80.67
80.67
0.0
0.0
0.0
0.0
1.3545754323175787
0.0
1.4551585087713645
0.0
29.52016868375
119.29302874374999
2.745494626
0.0
0.0
0.0
1.2153680474782673
0.0
1.0982405070221875
0.0
0.8940571465035694
0.0
0.0
0.0
0.0
0.0
0.0
0.0
0.0
0.0
0.7763663831102114
0.0
-0.002331843453218241
0.0
688.3
0.0
0.0
0.0
-1.4298660435882626
0.0
0.8889295119775333
0.0
0.0
595.0
0.0
0.0
0.877649388516307
0.0
0.0
0.0
0.0
0.0
0.0
0.0
0.0
0.0
1.01788508756185
0.0
0.0
0.0
0.0
0.0
0.0
0.0
1.0263938570944333
0.0
0.0
0.0
0.0
0.0
0.0
0.0
0.0
0.0
0.0
0.0
1.0393402145673925
0.0
1.126929969106654
0.0
1.17944371574864
0.0
1.2417231132187876
0.0
1.2598161742268257
0.0
1.3106654099713735
0.0
1.2709079282799998
0.0
110.0
41.55
41.55
7.43
0.0
0.0
0.0
0.0
1.0478742894001751
0.0
0.0
0.0
0.0
0.0
0.0
0.0
0.0
0.0
0.0
244.298301525
0.0
0.0
0.0
0.0
0.0
0.0
0.0
0.0
0.0
0.0
1.0898624467879392
0.0
1.1130090625823623
0.0
1.0687691333957163
0.0
1.2
1.2
1.6
1.6
1.6
1.6
0.95
0.95
0.95
0.95
1.88
1.88
3.75
2.29
2.29
1.2
0.0
0.0
1.6
0.9
0.9
3.0
1.88
0.0
0.0
0.0
0.0
0.0
0.0
0.0
0.0
0.0
0.0
0.0
0.0
0.0
0.0
0.0
0.0
0.0
0.0
0.0
0.0
0.0
0.0
0.0
0.0
0.0
1.0969687303141704
0.0
0.0
0.0
1.061957174518744
0.0
0.0
0.0
0.0
0.0
1.010666449493283
0.0
0.9570447484575197
0.0
0.0
0.0
640.1
0.0
0.0
0.0
0.0
0.0
0.0
0.0
0.0
0.0
0.0
0.0
0.0
0.0
0.0
0.0
0.46462676831541616
0.0
1.0993209074604966
0.0
1.1341258439594188
0.0
0.0
0.0
1.2101866504884509
0.0
0.0
0.0
0.0
0.0
0.0
0.0
0.0
0.0
0.0
0.0
0.0
0.0
0.0
0.0
0.0
0.0
0.0
0.0
1.2101866504884509
0.0
0.0
0.0
0.0
0.0
0.0
1.35
4.65
0.0
0.0
0.0
0.0
0.0
0.0
0.0
0.0
0.0
0.0
0.0
1.248412943084702
0.0
619.0
0.0
2.618828786440613
0.0
3.0985610540856596
0.0
3.1061492908101265
0.0
40.71
27.07
0.0
0.0
1.5073263415921172
0.0
3.002603231636032
0.0
1.7665231429575687
0.0
-113.20010223110887
-136.82305533934812
-248.1877849479365
-212.2624034561817
197.98668295216714
-56.931633652317714
-636.0
789.4682424835355
-636.0
101.10175850798998
131.03137112725017
-231.21954477298095
-211.24205312511435
-115.74939463714941
-150.0784255122952
120.18274618026612
57.72830011597978
-46.483958800746336
-10.8964539710272
37.79403620910284
-322.00521982854843
-84.76995245787316
281.1732677743955
7.047399190521219
70.24920683313258
12.057327207836352
-18.002404790339938
-86.62715887734703
-135.67123442328807
-348.7890145298453
-144.77598805344928
475.64083906825044
330.86485101480116
71.67357090479163
-11.682865782795034
543.8915493764489
-153.4682424835355
202.1591609317495
219.81206845370684
-129.3516795138852
323.58139111650235
-58.729063461876876
-66.75440098172521
-188.64441517487512
-209.15041999575556
9.55221510209708
-33.94218024074269
-205.6470687591048
11.201678580960106
-157.88871972450215
246.56547410948247
-72.39449760916568
-78.51799700570143
-495.20063092822886
-91.19350001922112
-82.08490750550413
-101.40334829040194
-107.84650178682557
-107.79276897325218
-95.26010027266256
-118.93291878692543
-65.48536654848829
-47.39642486300477
-30.154202257339193
-30.492919295347406
-113.79072217927444
-113.79072217927444
-90.34929633343182
-44.079389844845196
-8.751175757612828
-8.908095971991656
4.093336746899922
-8.439331953689702
-24.453296589912384
-18.48738375539699
-18.360322701945393
-12.399872717583321
-91.0822320216489
0.4526944008702003
28.94269577292664
-20.587585014744263
33.192952734205505
-24.837841976023014
-36.49620132056111
-29.875472697152645
-31.375496427982966
-34.71690436637232
-22.183064567435054
-28.389861358055782
-77.1803585996845
0.6890664141157004
28.73913475948939
32.094981401391806
-32.094981401391806
-88.72064528277087
-741.7661050377113
56.62566388137907
-106.90498809032306
-106.90498809032306
32.40712018719182
41.38911281173807
109.66311692180898
-21.89385223988245
-151.89355807814263
-40.57632151860412
-28.90831685730336
187.73259452960974
358.2620558051626
-109.52450451048713
109.5245045252957
-109.5245045252957
109.5245045252957
0.0
-22.26075894189887
-117.71982955881322
236.89168130326107
-336.290580237113
-144.6161640350099
-153.38578095471894
-222.07478239340276
-3.78460957184393
-53.21902236742835
-144.40705252669204
-66.70230521937901
-80.37313553566617
-271.84615260775263
-271.84615260775263
-245.3045784262165
-319.58401210733655
-154.6843640342056
-217.48251616457003
-183.60493503265604
-633.0879890905198
-688.3000000000002
110.3560086976463
58.54508983204482
-15.842870029559208
74.59345693673163
140.6576720503349
10.177953988012518
320.17985359852355
102.27123721689577
10.177953988012518
103.28980487955232
88.67310201273881
71.74009106306096
143.50091580256776
-52.06552642817621
83.86439009916887
92.48844472364112
-47.01287191019321
-77.4699111437368
-148.88404995871372
17.12618041134715
-154.45046372225738
33.076893983607874
57.45676356206627
-101.14272709468361
51.64595004128637
18.341216951833985
52.64565086589164
-39.49993677568682
13.53577814689379
-13.67905503304371
-22.103254920894983
-53.10909589110429
-57.99899490312737
-135.6897487701147
-98.02870390989551
-298.3823394241516
126.10875958293877
-269.0808634500237
120.85047394685682
62.44783241333141
99.81733140252925
0.0
59.728582181643674
-416.4958663901045
-202.50413360989546
112.17136663480574
34.868475509121936
72.9638146554164
-67.77999999999997
98.04195089400537
-212.09397049899553
235.0705282881422
